3_4_5_1_
40 9.77
0,13,4,6,0
0,50,6304,4932,0
0,1.5,0.01189720812182741,0.015206812652068127,0,
75.0

4_4_5_1_
50 8.286
0,13,3,6,0
0,50,5609,4927,0
0,1.6,0.014262791941522553,0.016237061091942357,0,
80.0

2_5_1_1_
34 9.513
0,2,0,2,0
0,10,1289,1432,0
0,41.17647058823529,0.31944507826404417,0.2875451856720342,0,
411.7647058823529 (x28)

3_4_2_1_
39 9.77
0,5,1,3,0
0,20,2510,2274,0
0,21.53846153846154,0.17162120747778117,0.1894323794059942,0,
430.7692307692308 (x14)

3_4_4_1_
40 9.77
0,11,3,5,0
0,40,5082,4046,0
0,10.5,0.08264462809917356,0.10380622837370242,0,
420.0 (x7)

3_5_1_1_
49 9.696
0,2,0,2,0
0,10,1174,1574,0
0,42.857142857142854,0.3650523241664638,0.2722817208204756,0,
428.57142857142856 (x28)
4_3_1_1_
39 9.77
0,2,0,2,0
0,10,1374,1567,0
0,43.07692307692308,0.31351472399507335,0.2749005939816406,0,
430.7692307692308 (x28)

4_4_1_1_
49 8.507
0,2,0,2,0
0,10,1168,1423,0
0,45.714285714285715,0.39138943248532293,0.32125288625639997,0,
457.14285714285717 (x28)

4_4_2_1_
50 8.286
0,5,1,3,0
0,20,2327,2299,0
0,22.4,0.19252256123764502,0.1948673336233145,0,
448.0 (x14)

4_4_3_1_
50 8.286
0,8,2,4,0
0,30,3421,3175,0
0,14.4,0.12627886582870507,0.13606299212598424,0,
432.0 (x9)

4_4_4_1_
50 8.286
0,11,3,5,0
0,40,4515,4051,0
0,11.2,0.09922480620155039,0.11058997778326339,0,
448.0 (x7)

4_5_1_1_
59 8.739
0,2,0,2,0
0,10,1314,1763,0
0,47.45762711864407,0.3611691561540645,0.2691867675476124,0,
474.5762711864407 (x28)


4_5_2_1_
60 8.739
0,5,1,3,0
0,20,2600,2673,0
0,23.333333333333336,0.1794871794871795,0.17458535977054496,0,
466.6666666666667 (x14)

5_4_1_1_
59 8.739
0,2,0,2,0
0,10,1300,1539,0
0,47.45762711864407,0.3650586701434159,0.3083666479444059,0,
474.5762711864407 (x28)

5_4_1_2_
63 8.739
0,5,2,3,0
0,20,3802,2663,0
0,22.22222222222222,0.1168975393067976,0.1668961488713648,0,
444.44444444444446 (x14)

5_4_2_1_
60 8.739
0,5,1,3,0
0,20,2586,2449,0
0,23.333333333333336,0.18045888115493686,0.19055396760582552,0,
466.6666666666667 (x14)

5_4_4_1_
60 8.739
0,11,3,6,0
0,40,5026,4269,0
0,11.666666666666668,0.09285051067780874,0.10931521824002499,0,
466.6666666666667 (x7)

5_5_1_1_
74 9.513
0,2,0,2,0
0,10,1227,1918,0
0,47.2972972972973,0.38547104561774487,0.24659696192542907,0,
472.97297297297297 (x28)


################################ NO ARRAY RESHAPE ###########################
4_4_4_1_
[]
170 9.255
0,2,1,2,0
0,10,1710,1767,0
0,52.70588235294118,0.3082215342277262,0.29827890409134794,0,
527.0588235294118 (x28)
Limited by: DSP48E

4_4_1_4_
[]
169 9.255
0,2,1,2,0
0,10,2078,1857,0
0,53.01775147928994,0.25513836130553386,0.2855021619778672,0,
530.1775147928994 (x28)
Limited by: DSP48E

5_4_4_1_
[]
210 9.513
0,2,1,2,0
0,10,1816,1978,0
0,53.333333333333336,0.2936857562408223,0.2696326255476913,0,
533.3333333333334 (x28)
Limited by: LUT
################################### cycling clock ##########################
1_4_4_1_
[]
51 6.023
0,2,1,1,0
0,10,1657,1306,0
0,43.92156862745098,0.26506679920006626,0.33630603849503043,0,
62.74509803921568 (x28)
Limited by: DSP48E
Clock: 7

1_5_4_1_
[]
61 6.476
0,2,1,1,0
0,10,1439,1352,0
0,45.90163934426229,0.31898290023809794,0.33950916674750214,0,
65.57377049180327 (x28)
Limited by: DSP48E
Clock: 7

2_2_4_1_
[]
51 6.023
0,2,1,1,0
0,10,1666,1372,0
0,43.92156862745098,0.26363486571099026,0.32012805122048815,0,
62.74509803921568 (x28)
Limited by: DSP48E
Clock: 7

2_3_4_1_
[]
71 6.992
0,2,1,2,0
0,10,1608,1428,0
0,47.323943661971825,0.294303132226193,0.33140016570008285,0,
67.60563380281688 (x28)
Limited by: DSP48E
Clock: 7

2_4_3_1_
[]
71 6.992
0,2,1,1,0
0,10,1632,1359,0
0,47.323943661971825,0.2899751449875725,0.3482262226782327,0,
67.60563380281688 (x28)
Limited by: DSP48E
Clock: 7

2_4_4_1_
[]
91 6.476
0,2,1,2,0
0,10,1604,1463,0
0,49.23076923076924,0.306924995204297,0.33650559966349447,0,
70.32967032967034 (x28)
Limited by: DSP48E
Clock: 7

2_5_1_3_
[]
86 7.433
0,2,1,2,0
0,10,1529,1851,0
0,48.837209302325576,0.3194062086483033,0.2638422976894953,0,
69.7674418604651 (x28)
Limited by: DSP48E
Clock: 7

2_5_4_1_
[]
111 7.445
0,2,1,2,0
0,10,1584,1651,0
0,50.450450450450454,0.3185003185003185,0.30557510872471505,0,
72.07207207207206 (x28)
Limited by: DSP48E
Clock: 7

3_4_4_1_
[]
131 6.734
0,2,1,2,0
0,10,1906,1652,0
0,51.297709923664115,0.2691380373749429,0.31051882520377794,0,
73.28244274809158 (x28)
Limited by: DSP48E
Clock: 7

3_5_4_1_
[]
161 8.218
0,2,1,2,0
0,10,1732,1924,0
0,52.173913043478265,0.30123506376142184,0.2711741842176625,0,
74.53416149068323 (x28)
Limited by: DSP48E
Clock: 7

4_4_1_4_
[]
171 6.992
0,2,1,2,0
0,10,1936,1819,0
0,52.39766081871345,0.2706490744768257,0.28805750862404317,0,
74.85380116959064 (x28)
Limited by: DSP48E
Clock: 7

5_4_4_1_
[]
211 7.25
0,2,1,2,0
0,10,1866,2006,0
0,53.08056872037914,0.2844617830674123,0.264609016552239,0,
75.82938388625591 (x28)
Limited by: LUT
Clock: 7