4_4_1_1_
[]
49 8.507
0,2,0,1,0
0,10,1392,1283,0
0,45.714285714285715,0.32840722495894914,0.3563077608284156,0,
457.14285714285717 (x28)
Limited by: DSP48E

4_4_1_2_
[]
89 8.739
0,2,1,2,0
0,10,1928,1569,0
0,50.337078651685395,0.2610844328406919,0.3208226810177527,0,
503.37078651685397 (x28)
Limited by: DSP48E

4_4_1_3_
[]
129 8.997
0,2,1,2,0
0,10,1910,1695,0
0,52.093023255813954,0.2727383416534762,0.30733347053577553,0,
520.9302325581396 (x28)
Limited by: DSP48E

4_4_1_4_
[]
169 9.255
0,2,1,2,0
0,10,2078,1857,0
0,53.01775147928994,0.25513836130553386,0.2855021619778672,0,
530.1775147928994 (x28)
Limited by: DSP48E

4_4_2_1_
[]
90 8.739
0,2,1,2,0
0,10,1528,1485,0
0,49.777777777777786,0.3257707969749855,0.33520389075944634,0,
497.7777777777778 (x28)
Limited by: DSP48E

4_4_2_2_
[]
98 8.739
0,5,2,3,0
0,20,3733,2777,0
0,22.857142857142858,0.12245991351268609,0.16461752147744227,0,
457.14285714285717 (x14)
Limited by: DSP48E

4_4_2_3_
[]
138 8.997
0,5,2,4,0
0,20,3752,2915,0
0,24.34782608695652,0.1297858533419857,0.1670519800134238,0,
486.9565217391304 (x14)
Limited by: DSP48E

4_4_2_4_
[]
178 9.255
0,5,2,4,0
0,20,3952,3125,0
0,25.168539325842698,0.12737115043442662,0.16107865168539326,0,
503.37078651685397 (x14)
Limited by: DSP48E

4_4_3_1_
[]
130 8.997
0,2,1,2,0
0,10,1670,1650,0
0,51.69230769230769,0.3095347766006449,0.31328671328671326,0,
516.9230769230769 (x28)
Limited by: DSP48E

4_4_3_2_
[]
142 8.997
0,5,3,4,0
0,20,4392,3407,0
0,23.661971830985912,0.10775032709920726,0.13890209469319587,0,
473.2394366197183 (x14)
Limited by: DSP48E

4_4_3_3_
[]
146 8.997
0,8,4,6,0
0,30,5961,4444,0
0,14.794520547945206,0.07445657044763566,0.09987300099873,0,
443.83561643835617 (x9)
Limited by: DSP48E

4_4_3_4_
[]
186 9.255
0,8,4,6,0
0,30,6006,4611,0
0,15.483870967741934,0.0773420128258838,0.10074086511217915,0,
464.51612903225805 (x9)
Limited by: DSP48E

4_4_4_1_
[]
170 9.255
0,2,1,2,0
0,10,1710,1767,0
0,52.70588235294118,0.3082215342277262,0.29827890409134794,0,
527.0588235294118 (x28)
Limited by: DSP48E

4_4_4_2_
[]
186 9.255
0,5,3,5,0
0,20,5072,3707,0
0,24.086021505376344,0.09497642549438622,0.1299488616421707,0,
481.72043010752685 (x14)
Limited by: DSP48E

4_4_4_3_
[]
191 9.255
0,8,4,7,0
0,30,6934,5152,0
0,15.078534031413614,0.06523738404130493,0.08780202269844883,0,
452.3560209424084 (x9)
Limited by: DSP48E

4_4_4_4_
[]
194 9.255
0,11,5,8,0
0,40,8221,5809,0
0,11.546391752577318,0.056179986632172815,0.07950691514943928,0,
461.85567010309273 (x7)
Limited by: DSP48E

4_5_1_1_
[]
59 8.739
0,2,1,2,0
0,10,1474,1587,0
0,47.45762711864407,0.32196490582526505,0.2990398684224579,0,
474.5762711864407 (x28)
Limited by: DSP48E

4_5_1_2_
[]
109 9.708
0,2,1,3,0
0,10,2128,2301,0
0,44.03669724770642,0.2069393667655377,0.19138069208042774,0,
440.3669724770642 (x24)
Limited by: LUT

4_5_1_3_
[]
159 10.481
0,2,1,4,0
0,10,2212,2839,0
0,35.84905660377358,0.1620662595107305,0.1262735350608439,0,
358.49056603773585 (x19)
Limited by: LUT

4_5_1_4_
[]
209 9.513
0,2,1,4,0
0,10,2238,3453,0
0,30.62200956937799,0.13682756733412865,0.08868233295504775,0,
306.2200956937799 (x16)
Limited by: LUT

4_5_2_1_
[]
110 9.708
0,2,1,2,0
0,10,1612,1830,0
0,50.909090909090914,0.3158132190390255,0.2781917536015897,0,
509.0909090909091 (x28)
Limited by: DSP48E

4_5_2_2_
[]
120 9.708
0,5,2,5,0
0,20,4124,3565,0
0,23.333333333333336,0.11315874555447786,0.13090229079008883,0,
466.6666666666667 (x14)
Limited by: DSP48E

4_5_2_3_
[]
170 10.481
0,5,3,5,0
0,20,4374,4119,0
0,22.94117647058824,0.10489792624868878,0.11139197120945976,0,
458.82352941176475 (x13)
Limited by: LUT

4_5_2_4_
[]
220 9.513
0,5,3,6,0
0,20,4304,4753,0
0,20.000000000000004,0.0929368029739777,0.08415737428992216,0,
400.00000000000006 (x11)
Limited by: LUT

4_5_3_1_
[]
160 10.481
0,2,1,2,0
0,10,1884,2069,0
0,50.625,0.26871019108280253,0.2446834219429676,0,
506.25 (x27)
Limited by: LUT

4_5_3_2_
[]
175 10.481
0,5,3,6,0
0,20,5170,4319,0
0,22.285714285714285,0.08621166067974578,0.10319849171435187,0,
445.7142857142857 (x13)
Limited by: LUT

4_5_3_3_
[]
180 10.481
0,8,4,8,0
0,30,6940,5712,0
0,15.0,0.06484149855907781,0.07878151260504201,0,
450.0 (x9)
Limited by: DSP48E

4_5_3_4_
[]
230 9.513
0,8,4,9,0
0,30,6588,6373,0
0,13.91304347826087,0.06335629999208046,0.06549369282093614,0,
417.39130434782606 (x8)
Limited by: LUT

4_5_4_1_
[]
210 9.513
0,2,1,3,0
0,10,1830,2193,0
0,47.61904761904762,0.2602133749674733,0.21714112001389704,0,
476.1904761904762 (x25)
Limited by: LUT

4_5_4_2_
[]
230 9.513
0,5,4,6,0
0,20,5724,4677,0
0,20.869565217391305,0.07291951508522468,0.08924338343977466,0,
417.39130434782606 (x12)
Limited by: LUT

4_5_4_3_
[]
237 9.513
0,8,5,9,0
0,30,8044,6566,0
0,13.50210970464135,0.050355953647344666,0.061691028196655576,0,
405.0632911392405 (x8)
Limited by: LUT

4_5_4_4_
[]
240 9.513
0,11,6,10,0
0,40,9122,7571,0
0,11.666666666666668,0.05115837170211211,0.06163870910932066,0,
466.6666666666667 (x7)
Limited by: DSP48E

5_4_1_1_
[]
59 8.739
0,2,1,1,0
0,10,1460,1385,0
0,47.45762711864407,0.325052240538658,0.342654347427033,0,
474.5762711864407 (x28)
Limited by: DSP48E

5_4_1_2_
[]
109 9.708
0,2,1,2,0
0,10,2094,2015,0
0,51.37614678899083,0.24534931608878144,0.25496847041682796,0,
513.7614678899083 (x28)
Limited by: LUT

5_4_1_3_
[]
159 10.481
0,2,1,3,0
0,10,2146,2485,0
0,41.509433962264154,0.19342699889219084,0.16703997570327628,0,
415.09433962264154 (x22)
Limited by: LUT

5_4_1_4_
[]
209 9.513
0,2,1,4,0
0,10,2136,2957,0
0,36.36363636363636,0.17024174327545114,0.12297475943062686,0,
363.6363636363636 (x19)
Limited by: LUT

5_4_2_1_
[]
110 9.708
0,2,1,2,0
0,10,1598,1606,0
0,50.909090909090914,0.31858004323586303,0.3169930940790219,0,
509.0909090909091 (x28)
Limited by: DSP48E

5_4_2_2_
[]
120 9.708
0,5,2,4,0
0,20,4090,3307,0
0,23.333333333333336,0.11409942950285248,0.1411148069751033,0,
466.6666666666667 (x14)
Limited by: DSP48E

5_4_2_3_
[]
170 10.481
0,5,3,5,0
0,20,4308,3805,0
0,24.705882352941178,0.11469768966082254,0.12986009121125455,0,
494.11764705882354 (x14)
Limited by: DSP48E

5_4_2_4_
[]
220 9.513
0,5,2,6,0
0,20,4202,4291,0
0,23.636363636363637,0.11250054086798494,0.11016715747547721,0,
472.72727272727275 (x13)
Limited by: LUT

5_4_3_1_
[]
160 10.481
0,2,1,2,0
0,10,1870,1834,0
0,52.5,0.2807486631016043,0.2862595419847328,0,
525.0 (x28)
Limited by: DSP48E

5_4_3_2_
[]
175 10.481
0,5,3,5,0
0,20,5104,4030,0
0,24.0,0.09404388714733543,0.11910669975186104,0,
480.0 (x14)
Limited by: LUT

5_4_3_3_
[]
180 10.481
0,8,4,7,0
0,30,6870,5364,0
0,15.0,0.06550218340611354,0.08389261744966443,0,
450.0 (x9)
Limited by: DSP48E

5_4_3_4_
[]
230 9.513
0,8,4,8,0
0,30,6646,5841,0
0,15.652173913043477,0.07065380941789111,0.08039123735512829,0,
469.5652173913043 (x9)
Limited by: DSP48E

5_4_4_1_
[]
210 9.513
0,2,1,2,0
0,10,1816,1978,0
0,53.333333333333336,0.2936857562408223,0.2696326255476913,0,
533.3333333333334 (x28)
Limited by: LUT

5_4_4_2_
[]
230 9.513
0,5,4,6,0
0,20,5690,4386,0
0,20.869565217391305,0.07335523802246503,0.09516445607565574,0,
417.39130434782606 (x12)
Limited by: LUT

5_4_4_3_
[]
237 9.513
0,8,5,8,0
0,30,7782,6194,0
0,15.189873417721518,0.05855772327571904,0.07357058484527697,0,
455.69620253164555 (x9)
Limited by: LUT

5_4_4_4_
[]
240 9.513
0,11,6,9,0
0,40,8892,7047,0
0,11.666666666666668,0.05248163142899985,0.0662220330164136,0,
466.6666666666667 (x7)
Limited by: DSP48E

5_5_1_1_
[]
74 9.513
0,2,0,2,0
0,10,1355,1759,0
0,47.2972972972973,0.34905754462950034,0.2688874206782109,0,
472.97297297297297 (x28)
Limited by: DSP48E

5_5_1_2_
[]
134 8.997
0,2,1,3,0
0,10,2291,2569,0
0,39.17910447761194,0.17101311426281948,0.1525072186750173,0,
391.7910447761194 (x21)
Limited by: LUT

5_5_1_3_
[]
199 10.739
0,2,1,4,0
0,10,2446,3191,0
0,32.03517587939699,0.1309696479124979,0.1003922779047226,0,
320.35175879396985 (x17)
Limited by: LUT

5_5_1_4_
[]
259 10.223
0,2,1,5,0
0,10,2582,3819,0
0,27.027027027027025,0.1046747754726066,0.07076990580525537,0,
270.27027027027026 (x14)
Limited by: LUT

5_5_2_1_
[]
135 8.997
0,2,1,2,0
0,10,1751,2049,0
0,50.0,0.2855511136493432,0.2440214738897023,0,
500.0 (x27)
Limited by: LUT

5_5_2_2_
[]
147 8.997
0,5,3,5,0
0,20,4575,3916,0
0,23.809523809523807,0.10408534998698932,0.1216012451967508,0,
476.19047619047615 (x14)
Limited by: DSP48E

5_5_2_3_
[]
212 10.739
0,5,3,6,0
0,20,4768,4610,0
0,21.22641509433962,0.08903697606686084,0.09208856873900054,0,
424.52830188679246 (x12)
Limited by: LUT

5_5_2_4_
[]
272 10.223
0,5,3,7,0
0,20,4968,5300,0
0,18.38235294117647,0.07400303116415648,0.06936736958934517,0,
367.6470588235294 (x10)
Limited by: LUT

5_5_3_1_
[]
200 10.739
0,2,1,3,0
0,10,1962,2345,0
0,45.0,0.22935779816513763,0.19189765458422176,0,
450.0 (x24)
Limited by: LUT

5_5_3_2_
[]
218 10.739
0,5,4,6,0
0,20,5688,4788,0
0,18.922018348623855,0.06653311655634267,0.07903934147294843,0,
378.4403669724771 (x11)
Limited by: LUT

5_5_3_3_
[]
225 10.739
0,8,5,8,0
0,30,7458,6278,0
0,13.333333333333334,0.053633681952266025,0.06371455877668047,0,
400.0 (x8)
Limited by: LUT

5_5_3_4_
[]
285 10.223
0,8,5,9,0
0,30,7632,6967,0
0,14.035087719298245,0.05516936996579499,0.0604352851412297,0,
421.05263157894734 (x8)
Limited by: LUT

5_5_4_1_
[]
260 10.223
0,2,1,3,0
0,10,2102,2502,0
0,42.30769230769231,0.20127351240576738,0.16909549283650002,0,
423.07692307692304 (x22)
Limited by: LUT

5_5_4_2_
[]
285 10.223
0,5,4,7,0
0,20,6788,5222,0
0,17.54385964912281,0.051690806273196256,0.06719210895872389,0,
350.87719298245617 (x10)
Limited by: LUT

5_5_4_3_
[]
293 10.223
0,8,6,10,0
0,30,9300,7165,0
0,11.945392491467576,0.03853352416602444,0.05001560010384191,0,
358.3617747440273 (x7)
Limited by: LUT

5_5_4_4_
[]
298 10.223
0,11,7,11,0
0,40,10714,8215,0
0,10.067114093959733,0.03758489488131317,0.04901820617874489,0,
402.6845637583893 (x6)
Limited by: LUT

6_4_1_1_
[]
69 9.255
0,2,0,1,0
0,10,1273,1399,0
0,48.69565217391304,0.3825267256395368,0.3480747117506293,0,
486.9565217391304 (x28)
Limited by: DSP48E

6_4_1_2_
[]
129 8.997
0,2,1,3,0
0,10,2105,2175,0
0,46.51162790697675,0.22095785228967577,0.21384656508954827,0,
465.1162790697675 (x25)
Limited by: LUT

6_4_1_3_
[]
189 10.223
0,2,1,3,0
0,10,2165,2726,0
0,38.095238095238095,0.17595952930825912,0.13974775530168046,0,
380.95238095238096 (x20)
Limited by: LUT

6_4_1_4_
[]
249 9.77
0,2,1,4,0
0,10,2227,3296,0
0,32.7710843373494,0.14715349949415987,0.09942683354778338,0,
327.710843373494 (x17)
Limited by: LUT

6_4_2_1_
[]
130 8.997
0,2,1,2,0
0,10,1669,1718,0
0,51.69230769230769,0.3097202378208969,0.3008865407002776,0,
516.9230769230769 (x28)
Limited by: DSP48E

6_4_2_2_
[]
142 8.997
0,5,3,4,0
0,20,4304,3490,0
0,23.661971830985912,0.1099534007016074,0.13559869244118003,0,
473.2394366197183 (x14)
Limited by: DSP48E

6_4_2_3_
[]
202 10.223
0,5,3,5,0
0,20,4398,4084,0
0,23.16831683168317,0.10535842124458013,0.11345894628640142,0,
463.3663366336634 (x13)
Limited by: LUT

6_4_2_4_
[]
262 9.77
0,5,3,6,0
0,20,4504,4712,0
0,20.152671755725187,0.08948788523856656,0.08553765600902033,0,
403.05343511450377 (x11)
Limited by: LUT

6_4_3_1_
[]
190 10.223
0,2,1,2,0
0,10,1815,1990,0
0,53.05263157894736,0.2923010004349717,0.2665961385876752,0,
530.5263157894736 (x28)
Limited by: LUT

6_4_3_2_
[]
208 10.223
0,5,3,6,0
0,20,5320,4364,0
0,20.769230769230766,0.07807981492192018,0.0951843756610026,0,
415.38461538461536 (x12)
Limited by: LUT

6_4_3_3_
[]
214 10.223
0,8,5,8,0
0,30,7130,5737,0
0,15.140186915887849,0.06370345125899515,0.07917127548834503,0,
454.20560747663546 (x9)
Limited by: DSP48E

6_4_3_4_
[]
274 9.77
0,8,5,9,0
0,30,7204,6401,0
0,14.014598540145986,0.05836173739649911,0.06568316766198712,0,
420.4379562043796 (x8)
Limited by: LUT

6_4_4_1_
[]
250 9.77
0,2,1,3,0
0,10,1923,2150,0
0,49.92,0.259594383775351,0.2321860465116279,0,
499.2 (x26)
Limited by: LUT

6_4_4_2_
[]
274 9.77
0,5,4,6,0
0,20,6350,4788,0
0,19.27007299270073,0.060693143284096786,0.08049320381245084,0,
385.4014598540146 (x11)
Limited by: LUT

6_4_4_3_
[]
282 9.77
0,8,6,9,0
0,30,8748,6764,0
0,13.617021276595745,0.046697603829203516,0.060394831209029026,0,
408.51063829787233 (x8)
Limited by: LUT

6_4_4_4_
[]
286 9.77
0,11,6,10,0
0,40,9866,7683,0
0,11.748251748251748,0.04763126595682849,0.061164918642466475,0,
469.9300699300699 (x7)
Limited by: DSP48E

6_5_1_1_
[]
84 9.696
0,2,1,2,0
0,10,1492,1878,0
0,50.0,0.3351206434316354,0.26624068157614483,0,
500.0 (x28)
Limited by: DSP48E

6_5_1_2_
[]
159 10.481
0,2,1,3,0
0,10,2463,2783,0
0,37.735849056603776,0.15321091781000315,0.13559413962128558,0,
377.35849056603774 (x20)
Limited by: LUT

6_5_1_3_
[]
234 10.739
0,2,1,4,0
0,10,2490,3522,0
0,30.769230769230766,0.1235712079085573,0.08736294937317084,0,
307.6923076923077 (x16)
Limited by: LUT

6_5_1_4_
[]
309 10.665
0,2,1,5,0
0,10,2493,4214,0
0,25.24271844660194,0.10125438606739648,0.05990203713004732,0,
252.4271844660194 (x13)
Limited by: LUT

6_5_2_1_
[]
160 10.481
0,2,1,3,0
0,10,1923,2283,0
0,45.0,0.23400936037441497,0.19710906701708278,0,
450.0 (x24)
Limited by: LUT

6_5_2_2_
[]
175 10.481
0,5,3,6,0
0,20,5047,4275,0
0,22.285714285714285,0.08831271759744119,0.10426065162907268,0,
445.7142857142857 (x13)
Limited by: LUT

6_5_2_3_
[]
250 10.739
0,5,3,7,0
0,20,5044,5053,0
0,19.8,0.07850911974623315,0.07836928557292698,0,
396.0 (x11)
Limited by: LUT

6_5_2_4_
[]
325 10.665
0,5,3,8,0
0,20,4899,5891,0
0,16.615384615384613,0.06783173960148853,0.05640938589504197,0,
332.30769230769226 (x9)
Limited by: LUT

6_5_3_1_
[]
235 10.739
0,2,1,3,0
0,10,2040,2557,0
0,42.12765957446809,0.20650813516896122,0.1647542415896288,0,
421.2765957446809 (x22)
Limited by: LUT

6_5_3_2_
[]
257 10.739
0,5,4,7,0
0,20,6158,5275,0
0,17.509727626459146,0.0568682287315984,0.06638759289652757,0,
350.19455252918294 (x10)
Limited by: LUT

6_5_3_3_
[]
265 10.739
0,8,5,9,0
0,30,8256,6819,0
0,13.584905660377359,0.049363756033347965,0.05976641293610805,0,
407.54716981132077 (x8)
Limited by: LUT

6_5_3_4_
[]
340 10.665
0,8,5,10,0
0,30,8224,7638,0
0,12.352941176470587,0.04506179903868162,0.04851901483295596,0,
370.5882352941176 (x7)
Limited by: LUT

6_5_4_1_
[]
310 10.665
0,2,1,3,0
0,10,2087,2741,0
0,38.70967741935484,0.1854800068009336,0.1412246531169458,0,
387.0967741935484 (x20)
Limited by: LUT

6_5_4_2_
[]
340 10.665
0,5,5,8,0
0,20,7351,5828,0
0,15.882352941176473,0.043211407811662286,0.054503613387702377,0,
317.64705882352945 (x9)
Limited by: LUT

6_5_4_3_
[]
350 10.665
0,8,7,11,0
0,30,10124,7993,0
0,12.0,0.03555906756222837,0.04503940948329788,0,
360.0 (x7)
Limited by: LUT

6_5_4_4_
[]
2596 10.739
0,130,42,89,0
0,470,60401,63448,0
0,0.0,0.0,0.0,0,
0.0 (x0)
Limited by: DSP48E

4_4_1_1_
[[1, 'bufw']]
49 8.507
0,2,0,1,0
0,10,1392,1283,0
0,45.714285714285715,0.32840722495894914,0.3563077608284156,0,
457.14285714285717 (x28)
Limited by: DSP48E

4_4_1_2_
[[1, 'bufw']]
89 8.739
0,2,1,2,0
0,10,1928,1569,0
0,50.337078651685395,0.2610844328406919,0.3208226810177527,0,
503.37078651685397 (x28)
Limited by: DSP48E

4_4_1_3_
[[1, 'bufw']]
129 8.997
0,2,1,2,0
0,10,1910,1695,0
0,52.093023255813954,0.2727383416534762,0.30733347053577553,0,
520.9302325581396 (x28)
Limited by: DSP48E

4_4_1_4_
[[1, 'bufw']]
169 9.255
0,2,1,2,0
0,10,2078,1857,0
0,53.01775147928994,0.25513836130553386,0.2855021619778672,0,
530.1775147928994 (x28)
Limited by: DSP48E

4_4_2_1_
[[1, 'bufw']]
90 8.739
0,2,1,2,0
0,10,1528,1466,0
0,49.777777777777786,0.3257707969749855,0.3395482795209944,0,
497.7777777777778 (x28)
Limited by: DSP48E

4_4_2_2_
[[1, 'bufw']]
98 8.739
0,5,2,3,0
0,20,3727,2717,0
0,22.857142857142858,0.12265705853041513,0.1682527998317472,0,
457.14285714285717 (x14)
Limited by: DSP48E

4_4_2_3_
[[1, 'bufw']]
138 8.997
0,5,2,4,0
0,20,3740,2858,0
0,24.34782608695652,0.13020227853987443,0.1703836675084431,0,
486.9565217391304 (x14)
Limited by: DSP48E

4_4_2_4_
[[1, 'bufw']]
178 9.255
0,5,2,4,0
0,20,3940,3071,0
0,25.168539325842698,0.12775908287229795,0.16391103435911886,0,
503.37078651685397 (x14)
Limited by: DSP48E

4_4_3_1_
[[1, 'bufw']]
130 8.997
0,2,1,2,0
0,10,1664,1601,0
0,51.69230769230769,0.3106508875739645,0.32287512612309616,0,
516.9230769230769 (x28)
Limited by: DSP48E

4_4_3_2_
[[1, 'bufw']]
142 8.997
0,5,3,4,0
0,20,4374,3300,0
0,23.661971830985912,0.10819374408315462,0.1434058898847631,0,
473.2394366197183 (x14)
Limited by: DSP48E

4_4_3_3_
[[1, 'bufw']]
146 8.997
0,8,4,5,0
0,30,5827,3997,0
0,14.794520547945206,0.07616880323294253,0.11104218574890072,0,
443.83561643835617 (x9)
Limited by: DSP48E

4_4_3_4_
[[1, 'bufw']]
186 9.255
0,8,4,6,0
0,30,6058,4261,0
0,15.483870967741934,0.07667813288746418,0.10901575429060269,0,
464.51612903225805 (x9)
Limited by: DSP48E

4_4_4_1_
[[1, 'bufw']]
170 9.255
0,2,1,2,0
0,10,1704,1688,0
0,52.70588235294118,0.30930682132007736,0.3122386395316421,0,
527.0588235294118 (x28)
Limited by: DSP48E

4_4_4_2_
[[1, 'bufw']]
186 9.255
0,5,3,5,0
0,20,5054,3548,0
0,24.086021505376344,0.09531468739761118,0.13577238729073474,0,
481.72043010752685 (x14)
Limited by: DSP48E

4_4_4_3_
[[1, 'bufw']]
191 9.255
0,8,4,7,0
0,30,6858,4940,0
0,15.078534031413614,0.06596034134476646,0.09157004472518389,0,
452.3560209424084 (x9)
Limited by: DSP48E

4_4_4_4_
[[1, 'bufw']]
194 9.255
0,11,5,7,0
0,40,8305,5429,0
0,11.546391752577318,0.055611760397723385,0.08507195986426463,0,
461.85567010309273 (x7)
Limited by: DSP48E

4_5_1_1_
[[1, 'bufw']]
59 8.739
0,2,1,2,0
0,10,1474,1587,0
0,47.45762711864407,0.32196490582526505,0.2990398684224579,0,
474.5762711864407 (x28)
Limited by: DSP48E

4_5_1_2_
[[1, 'bufw']]
109 9.708
0,2,1,3,0
0,10,2128,2301,0
0,44.03669724770642,0.2069393667655377,0.19138069208042774,0,
440.3669724770642 (x24)
Limited by: LUT

4_5_1_3_
[[1, 'bufw']]
159 10.481
0,2,1,4,0
0,10,2212,2839,0
0,35.84905660377358,0.1620662595107305,0.1262735350608439,0,
358.49056603773585 (x19)
Limited by: LUT

4_5_1_4_
[[1, 'bufw']]
209 9.513
0,2,1,4,0
0,10,2238,3453,0
0,30.62200956937799,0.13682756733412865,0.08868233295504775,0,
306.2200956937799 (x16)
Limited by: LUT

4_5_2_1_
[[1, 'bufw']]
110 9.708
0,2,1,2,0
0,10,1612,1811,0
0,50.909090909090914,0.3158132190390255,0.281110386024798,0,
509.0909090909091 (x28)
Limited by: DSP48E

4_5_2_2_
[[1, 'bufw']]
120 9.708
0,5,2,4,0
0,20,4118,3505,0
0,23.333333333333336,0.11332361988020075,0.1331431288635283,0,
466.6666666666667 (x14)
Limited by: DSP48E

4_5_2_3_
[[1, 'bufw']]
170 10.481
0,5,3,5,0
0,20,4362,4062,0
0,22.94117647058824,0.10518650376244033,0.11295507863411244,0,
458.82352941176475 (x13)
Limited by: LUT

4_5_2_4_
[[1, 'bufw']]
220 9.513
0,5,3,6,0
0,20,4292,4699,0
0,21.81818181818182,0.10166906718630857,0.09286308498906924,0,
436.3636363636364 (x12)
Limited by: LUT

4_5_3_1_
[[1, 'bufw']]
160 10.481
0,2,1,2,0
0,10,1878,2020,0
0,50.625,0.26956869009584666,0.2506188118811881,0,
506.25 (x27)
Limited by: LUT

4_5_3_2_
[[1, 'bufw']]
175 10.481
0,5,3,5,0
0,20,5120,4208,0
0,22.285714285714285,0.08705357142857142,0.10592069527430745,0,
445.7142857142857 (x13)
Limited by: LUT

4_5_3_3_
[[1, 'bufw']]
180 10.481
0,8,4,7,0
0,30,6832,5269,0
0,15.0,0.06586651053864169,0.0854052002277472,0,
450.0 (x9)
Limited by: DSP48E

4_5_3_4_
[[1, 'bufw']]
230 9.513
0,8,4,8,0
0,30,6602,6029,0
0,15.652173913043477,0.07112469212228179,0.0778844281624323,0,
469.5652173913043 (x9)
Limited by: LUT

4_5_4_1_
[[1, 'bufw']]
210 9.513
0,2,1,2,0
0,10,1824,2114,0
0,49.523809523809526,0.27151211361737676,0.23426589178717844,0,
495.23809523809524 (x26)
Limited by: LUT

4_5_4_2_
[[1, 'bufw']]
230 9.513
0,5,4,6,0
0,20,5706,4518,0
0,20.869565217391305,0.0731495451012664,0.09238408684104163,0,
417.39130434782606 (x12)
Limited by: LUT

4_5_4_3_
[[1, 'bufw']]
236 9.513
0,8,5,9,0
0,30,7898,6419,0
0,13.559322033898304,0.05150413535286771,0.06337118881709755,0,
406.77966101694915 (x8)
Limited by: LUT

4_5_4_4_
[[1, 'bufw']]
240 9.513
0,11,6,10,0
0,40,9104,7261,0
0,11.666666666666668,0.05125951962507323,0.06427030252949548,0,
466.6666666666667 (x7)
Limited by: DSP48E

5_4_1_1_
[[1, 'bufw']]
59 8.739
0,2,1,1,0
0,10,1460,1385,0
0,47.45762711864407,0.325052240538658,0.342654347427033,0,
474.5762711864407 (x28)
Limited by: DSP48E

5_4_1_2_
[[1, 'bufw']]
109 9.708
0,2,1,2,0
0,10,2094,2015,0
0,51.37614678899083,0.24534931608878144,0.25496847041682796,0,
513.7614678899083 (x28)
Limited by: LUT

5_4_1_3_
[[1, 'bufw']]
159 10.481
0,2,1,3,0
0,10,2146,2485,0
0,41.509433962264154,0.19342699889219084,0.16703997570327628,0,
415.09433962264154 (x22)
Limited by: LUT

5_4_1_4_
[[1, 'bufw']]
209 9.513
0,2,1,4,0
0,10,2136,2957,0
0,36.36363636363636,0.17024174327545114,0.12297475943062686,0,
363.6363636363636 (x19)
Limited by: LUT

5_4_2_1_
[[1, 'bufw']]
110 9.708
0,2,1,2,0
0,10,1598,1587,0
0,50.909090909090914,0.31858004323586303,0.32078822248954575,0,
509.0909090909091 (x28)
Limited by: DSP48E

5_4_2_2_
[[1, 'bufw']]
120 9.708
0,5,2,4,0
0,20,4084,3247,0
0,23.333333333333336,0.11426705843943846,0.14372241043014064,0,
466.6666666666667 (x14)
Limited by: DSP48E

5_4_2_3_
[[1, 'bufw']]
170 10.481
0,5,3,5,0
0,20,4296,3748,0
0,24.705882352941178,0.11501807426881368,0.13183501789189528,0,
494.11764705882354 (x14)
Limited by: DSP48E

5_4_2_4_
[[1, 'bufw']]
220 9.513
0,5,2,6,0
0,20,4190,4237,0
0,23.636363636363637,0.11282273812106748,0.11157122320681444,0,
472.72727272727275 (x13)
Limited by: LUT

5_4_3_1_
[[1, 'bufw']]
160 10.481
0,2,1,2,0
0,10,1864,1785,0
0,52.5,0.28165236051502146,0.29411764705882354,0,
525.0 (x28)
Limited by: DSP48E

5_4_3_2_
[[1, 'bufw']]
175 10.481
0,5,3,5,0
0,20,5086,3933,0
0,24.0,0.09437672040896579,0.12204424103737604,0,
480.0 (x14)
Limited by: LUT

5_4_3_3_
[[1, 'bufw']]
180 10.481
0,8,4,7,0
0,30,6798,4995,0
0,15.0,0.06619593998234775,0.09009009009009009,0,
450.0 (x9)
Limited by: DSP48E

5_4_3_4_
[[1, 'bufw']]
230 9.513
0,8,4,7,0
0,30,6628,5505,0
0,15.652173913043477,0.07084568759675684,0.08529795047980096,0,
469.5652173913043 (x9)
Limited by: DSP48E

5_4_4_1_
[[1, 'bufw']]
210 9.513
0,2,1,2,0
0,10,1810,1899,0
0,53.333333333333336,0.2946593001841621,0.28084956994909605,0,
533.3333333333334 (x28)
Limited by: DSP48E

5_4_4_2_
[[1, 'bufw']]
230 9.513
0,5,4,5,0
0,20,5672,4227,0
0,22.608695652173914,0.07972036548721408,0.1069727733720081,0,
452.17391304347825 (x13)
Limited by: LUT

5_4_4_3_
[[1, 'bufw']]
236 9.513
0,8,5,8,0
0,30,7768,5992,0
0,15.254237288135592,0.0589118329871354,0.07637301713018488,0,
457.62711864406776 (x9)
Limited by: LUT

5_4_4_4_
[[1, 'bufw']]
240 9.513
0,11,6,9,0
0,40,8938,6721,0
0,11.666666666666668,0.05221153128962482,0.06943411198730348,0,
466.6666666666667 (x7)
Limited by: DSP48E

5_5_1_1_
[[1, 'bufw']]
74 9.513
0,2,0,2,0
0,10,1355,1759,0
0,47.2972972972973,0.34905754462950034,0.2688874206782109,0,
472.97297297297297 (x28)
Limited by: DSP48E

5_5_1_2_
[[1, 'bufw']]
134 8.997
0,2,1,3,0
0,10,2291,2569,0
0,39.17910447761194,0.17101311426281948,0.1525072186750173,0,
391.7910447761194 (x21)
Limited by: LUT

5_5_1_3_
[[1, 'bufw']]
199 10.739
0,2,1,4,0
0,10,2446,3191,0
0,32.03517587939699,0.1309696479124979,0.1003922779047226,0,
320.35175879396985 (x17)
Limited by: LUT

5_5_1_4_
[[1, 'bufw']]
259 10.223
0,2,1,5,0
0,10,2582,3819,0
0,27.027027027027025,0.1046747754726066,0.07076990580525537,0,
270.27027027027026 (x14)
Limited by: LUT

5_5_2_1_
[[1, 'bufw']]
135 8.997
0,2,1,2,0
0,10,1751,2030,0
0,50.0,0.2855511136493432,0.24630541871921183,0,
500.0 (x27)
Limited by: LUT

5_5_2_2_
[[1, 'bufw']]
147 8.997
0,5,3,5,0
0,20,4569,3856,0
0,23.809523809523807,0.1042220346225599,0.12349338075479153,0,
476.19047619047615 (x14)
Limited by: DSP48E

5_5_2_3_
[[1, 'bufw']]
212 10.739
0,5,3,6,0
0,20,4756,4553,0
0,21.22641509433962,0.08926162781471667,0.09324144561537283,0,
424.52830188679246 (x12)
Limited by: LUT

5_5_2_4_
[[1, 'bufw']]
272 10.223
0,5,3,7,0
0,20,4956,5246,0
0,18.38235294117647,0.07418221525898494,0.07008140656186225,0,
367.6470588235294 (x10)
Limited by: LUT

5_5_3_1_
[[1, 'bufw']]
200 10.739
0,2,1,3,0
0,10,1956,2296,0
0,45.0,0.23006134969325154,0.19599303135888502,0,
450.0 (x24)
Limited by: LUT

5_5_3_2_
[[1, 'bufw']]
218 10.739
0,5,3,6,0
0,20,5638,4683,0
0,20.642201834862384,0.0732252636923107,0.08815802620056538,0,
412.8440366972477 (x12)
Limited by: LUT

5_5_3_3_
[[1, 'bufw']]
225 10.739
0,8,5,8,0
0,30,7482,5952,0
0,15.0,0.060144346431435444,0.07560483870967742,0,
450.0 (x9)
Limited by: LUT

5_5_3_4_
[[1, 'bufw']]
285 10.223
0,8,5,9,0
0,30,7710,6606,0
0,14.035087719298245,0.054611236261860874,0.06373790971525088,0,
421.05263157894734 (x8)
Limited by: LUT

5_5_4_1_
[[1, 'bufw']]
260 10.223
0,2,1,3,0
0,10,2096,2423,0
0,44.230769230769226,0.2110246623605402,0.18254547763421058,0,
442.30769230769226 (x23)
Limited by: LUT

5_5_4_2_
[[1, 'bufw']]
285 10.223
0,5,4,7,0
0,20,6770,5055,0
0,19.29824561403509,0.057011065329498053,0.07635309837402608,0,
385.9649122807018 (x11)
Limited by: LUT

5_5_4_3_
[[1, 'bufw']]
293 10.223
0,8,6,9,0
0,30,9186,7028,0
0,13.651877133105803,0.044584837142736124,0.05827494507586427,0,
409.55631399317406 (x8)
Limited by: LUT

5_5_4_4_
[[1, 'bufw']]
297 10.223
0,11,7,11,0
0,40,10664,7894,0
0,11.784511784511784,0.04420296993440279,0.059713766326383505,0,
471.38047138047136 (x7)
Limited by: LUT

6_4_1_1_
[[1, 'bufw']]
69 9.255
0,2,0,1,0
0,10,1273,1399,0
0,48.69565217391304,0.3825267256395368,0.3480747117506293,0,
486.9565217391304 (x28)
Limited by: DSP48E

6_4_1_2_
[[1, 'bufw']]
129 8.997
0,2,1,3,0
0,10,2105,2175,0
0,46.51162790697675,0.22095785228967577,0.21384656508954827,0,
465.1162790697675 (x25)
Limited by: LUT

6_4_1_3_
[[1, 'bufw']]
189 10.223
0,2,1,3,0
0,10,2165,2726,0
0,38.095238095238095,0.17595952930825912,0.13974775530168046,0,
380.95238095238096 (x20)
Limited by: LUT

6_4_1_4_
[[1, 'bufw']]
249 9.77
0,2,1,4,0
0,10,2227,3296,0
0,32.7710843373494,0.14715349949415987,0.09942683354778338,0,
327.710843373494 (x17)
Limited by: LUT

6_4_2_1_
[[1, 'bufw']]
130 8.997
0,2,1,2,0
0,10,1669,1699,0
0,51.69230769230769,0.3097202378208969,0.30425136958391813,0,
516.9230769230769 (x28)
Limited by: DSP48E

6_4_2_2_
[[1, 'bufw']]
142 8.997
0,5,3,4,0
0,20,4287,3433,0
0,23.661971830985912,0.11038941838575188,0.1378501126186188,0,
473.2394366197183 (x14)
Limited by: DSP48E

6_4_2_3_
[[1, 'bufw']]
202 10.223
0,5,3,5,0
0,20,4379,4011,0
0,24.95049504950495,0.11395521831242271,0.12441034679384169,0,
499.009900990099 (x14)
Limited by: LUT

6_4_2_4_
[[1, 'bufw']]
262 9.77
0,5,3,6,0
0,20,4473,4608,0
0,21.98473282442748,0.09829972199609872,0.09541984732824427,0,
439.6946564885496 (x12)
Limited by: LUT

6_4_3_1_
[[1, 'bufw']]
190 10.223
0,2,1,2,0
0,10,1809,1941,0
0,53.05263157894736,0.2932704896569782,0.2733262832506304,0,
530.5263157894736 (x28)
Limited by: DSP48E

6_4_3_2_
[[1, 'bufw']]
208 10.223
0,5,3,6,0
0,20,5291,4274,0
0,22.5,0.08505008505008504,0.10528778661675246,0,
450.0 (x13)
Limited by: LUT

6_4_3_3_
[[1, 'bufw']]
214 10.223
0,8,4,7,0
0,30,7009,5280,0
0,15.140186915887849,0.06480319695771658,0.08602378929481733,0,
454.20560747663546 (x9)
Limited by: DSP48E

6_4_3_4_
[[1, 'bufw']]
274 9.77
0,8,5,8,0
0,30,7071,5920,0
0,15.766423357664234,0.06689191072407397,0.07989741566383902,0,
472.99270072992704 (x9)
Limited by: LUT

6_4_4_1_
[[1, 'bufw']]
250 9.77
0,2,1,2,0
0,10,1917,2071,0
0,51.839999999999996,0.2704225352112676,0.2503138580395944,0,
518.4 (x27)
Limited by: LUT

6_4_4_2_
[[1, 'bufw']]
274 9.77
0,5,4,6,0
0,20,6327,4624,0
0,21.02189781021898,0.06645139184516827,0.09092516353900942,0,
420.4379562043796 (x12)
Limited by: LUT

6_4_4_3_
[[1, 'bufw']]
282 9.77
0,8,6,9,0
0,30,8621,6561,0
0,13.617021276595745,0.0473855281635393,0.06226347177227135,0,
408.51063829787233 (x8)
Limited by: LUT

6_4_4_4_
[[1, 'bufw']]
286 9.77
0,11,6,10,0
0,40,9733,7178,0
0,11.748251748251748,0.04828214013460083,0.0654681067052201,0,
469.9300699300699 (x7)
Limited by: DSP48E

6_5_1_1_
[[1, 'bufw']]
84 9.696
0,2,1,2,0
0,10,1492,1878,0
0,50.0,0.3351206434316354,0.26624068157614483,0,
500.0 (x28)
Limited by: DSP48E

6_5_1_2_
[[1, 'bufw']]
159 10.481
0,2,1,3,0
0,10,2463,2783,0
0,37.735849056603776,0.15321091781000315,0.13559413962128558,0,
377.35849056603774 (x20)
Limited by: LUT

6_5_1_3_
[[1, 'bufw']]
234 10.739
0,2,1,4,0
0,10,2490,3522,0
0,30.769230769230766,0.1235712079085573,0.08736294937317084,0,
307.6923076923077 (x16)
Limited by: LUT

6_5_1_4_
[[1, 'bufw']]
309 10.665
0,2,1,5,0
0,10,2493,4214,0
0,25.24271844660194,0.10125438606739648,0.05990203713004732,0,
252.4271844660194 (x13)
Limited by: LUT

6_5_2_1_
[[1, 'bufw']]
160 10.481
0,2,1,3,0
0,10,1923,2264,0
0,45.0,0.23400936037441497,0.19876325088339222,0,
450.0 (x24)
Limited by: LUT

6_5_2_2_
[[1, 'bufw']]
175 10.481
0,5,3,5,0
0,20,5029,4165,0
0,22.285714285714285,0.08862881004459848,0.10701423426513462,0,
445.7142857142857 (x13)
Limited by: LUT

6_5_2_3_
[[1, 'bufw']]
250 10.739
0,5,3,6,0
0,20,5024,4925,0
0,19.8,0.07882165605095541,0.08040609137055837,0,
396.0 (x11)
Limited by: LUT

6_5_2_4_
[[1, 'bufw']]
325 10.665
0,5,3,8,0
0,20,4870,5682,0
0,16.615384615384613,0.06823566577160005,0.05848428234911867,0,
332.30769230769226 (x9)
Limited by: LUT

6_5_3_1_
[[1, 'bufw']]
235 10.739
0,2,1,3,0
0,10,2034,2508,0
0,42.12765957446809,0.20711730370928264,0.167973124300112,0,
421.2765957446809 (x22)
Limited by: LUT

6_5_3_2_
[[1, 'bufw']]
257 10.739
0,5,4,7,0
0,20,6132,5132,0
0,17.509727626459146,0.057109352989103544,0.06823744203608398,0,
350.19455252918294 (x10)
Limited by: LUT

6_5_3_3_
[[1, 'bufw']]
265 10.739
0,8,5,8,0
0,30,8169,6338,0
0,13.584905660377359,0.04988948094152537,0.06430217257988652,0,
407.54716981132077 (x8)
Limited by: LUT

6_5_3_4_
[[1, 'bufw']]
340 10.665
0,8,5,9,0
0,30,8041,7044,0
0,14.117647058823529,0.05267123638411962,0.06012626515682934,0,
423.52941176470586 (x8)
Limited by: LUT

6_5_4_1_
[[1, 'bufw']]
310 10.665
0,2,1,3,0
0,10,2081,2662,0
0,40.64516129032258,0.19531552758444296,0.1526865563122561,0,
406.4516129032258 (x21)
Limited by: LUT

6_5_4_2_
[[1, 'bufw']]
340 10.665
0,5,5,7,0
0,20,7331,5619,0
0,17.647058823529413,0.04814366068347951,0.0628120976099997,0,
352.9411764705883 (x10)
Limited by: LUT

6_5_4_3_
[[1, 'bufw']]
350 10.665
0,8,7,10,0
0,30,10133,7695,0
0,12.0,0.03552748445672555,0.04678362573099415,0,
360.0 (x7)
Limited by: LUT

6_5_4_4_
[[1, 'bufw']]
2596 11.107
0,127,42,86,0
0,460,59311,61226,0
0,0.0,0.0,0.0,0,
0.0 (x0)
Limited by: DSP48E

4_4_1_1_
[[2, 'bufw']]
49 8.507
0,2,0,1,0
0,10,1392,1283,0
0,45.714285714285715,0.32840722495894914,0.3563077608284156,0,
457.14285714285717 (x28)
Limited by: DSP48E

4_4_1_2_
[[2, 'bufw']]
89 8.739
0,2,1,2,0
0,10,1928,1550,0
0,50.337078651685395,0.2610844328406919,0.3247553461399058,0,
503.37078651685397 (x28)
Limited by: DSP48E

4_4_1_3_
[[2, 'bufw']]
129 8.997
0,2,1,2,0
0,10,1904,1646,0
0,52.093023255813954,0.27359781121751026,0.31648252281782474,0,
520.9302325581396 (x28)
Limited by: DSP48E

4_4_1_4_
[[2, 'bufw']]
169 9.255
0,2,1,2,0
0,10,2072,1778,0
0,53.01775147928994,0.255877178954102,0.29818757862367795,0,
530.1775147928994 (x28)
Limited by: DSP48E

4_4_2_1_
[[2, 'bufw']]
90 8.739
0,2,1,2,0
0,10,1528,1485,0
0,49.777777777777786,0.3257707969749855,0.33520389075944634,0,
497.7777777777778 (x28)
Limited by: DSP48E

4_4_2_2_
[[2, 'bufw']]
98 8.739
0,5,2,3,0
0,20,3727,2717,0
0,22.857142857142858,0.12265705853041513,0.1682527998317472,0,
457.14285714285717 (x14)
Limited by: DSP48E

4_4_2_3_
[[2, 'bufw']]
138 8.997
0,5,2,3,0
0,20,3734,2813,0
0,24.34782608695652,0.1304114948417596,0.17310932162784584,0,
486.9565217391304 (x14)
Limited by: DSP48E

4_4_2_4_
[[2, 'bufw']]
178 9.255
0,5,2,4,0
0,20,3934,2981,0
0,25.168539325842698,0.1279539365828302,0.16885970698317812,0,
503.37078651685397 (x14)
Limited by: DSP48E

4_4_3_1_
[[2, 'bufw']]
130 8.997
0,2,1,2,0
0,10,1670,1650,0
0,51.69230769230769,0.3095347766006449,0.31328671328671326,0,
516.9230769230769 (x28)
Limited by: DSP48E

4_4_3_2_
[[2, 'bufw']]
142 8.997
0,5,3,4,0
0,20,4380,3350,0
0,23.661971830985912,0.10804553347482153,0.1412655034685726,0,
473.2394366197183 (x14)
Limited by: DSP48E

4_4_3_3_
[[2, 'bufw']]
146 8.997
0,8,4,6,0
0,30,5987,4311,0
0,14.794520547945206,0.07413322472663374,0.10295421397317471,0,
443.83561643835617 (x9)
Limited by: DSP48E

4_4_3_4_
[[2, 'bufw']]
186 9.255
0,8,4,6,0
0,30,6026,4431,0
0,15.483870967741934,0.07708531845872188,0.10483324961233538,0,
464.51612903225805 (x9)
Limited by: DSP48E

4_4_4_1_
[[2, 'bufw']]
170 9.255
0,2,1,2,0
0,10,1710,1767,0
0,52.70588235294118,0.3082215342277262,0.29827890409134794,0,
527.0588235294118 (x28)
Limited by: DSP48E

4_4_4_2_
[[2, 'bufw']]
186 9.255
0,5,3,5,0
0,20,5060,3653,0
0,24.086021505376344,0.0952016660291555,0.13186981388106403,0,
481.72043010752685 (x14)
Limited by: DSP48E

4_4_4_3_
[[2, 'bufw']]
191 9.255
0,8,4,7,0
0,30,6922,5014,0
0,15.078534031413614,0.06535047976631153,0.09021859213051624,0,
452.3560209424084 (x9)
Limited by: DSP48E

4_4_4_4_
[[2, 'bufw']]
194 9.255
0,11,5,7,0
0,40,8273,5637,0
0,11.546391752577318,0.05582686692893663,0.08193288453132744,0,
461.85567010309273 (x7)
Limited by: DSP48E

4_5_1_1_
[[2, 'bufw']]
59 8.739
0,2,1,2,0
0,10,1474,1587,0
0,47.45762711864407,0.32196490582526505,0.2990398684224579,0,
474.5762711864407 (x28)
Limited by: DSP48E

4_5_1_2_
[[2, 'bufw']]
109 9.708
0,2,1,3,0
0,10,2128,2282,0
0,44.03669724770642,0.2069393667655377,0.19297413342553207,0,
440.3669724770642 (x24)
Limited by: LUT

4_5_1_3_
[[2, 'bufw']]
159 10.481
0,2,1,3,0
0,10,2206,2790,0
0,37.735849056603776,0.1710600591867805,0.13525393927098128,0,
377.35849056603774 (x20)
Limited by: LUT

4_5_1_4_
[[2, 'bufw']]
209 9.513
0,2,1,4,0
0,10,2232,3374,0
0,30.62200956937799,0.13719538337534942,0.0907587716934736,0,
306.2200956937799 (x16)
Limited by: LUT

4_5_2_1_
[[2, 'bufw']]
110 9.708
0,2,1,2,0
0,10,1612,1830,0
0,50.909090909090914,0.3158132190390255,0.2781917536015897,0,
509.0909090909091 (x28)
Limited by: DSP48E

4_5_2_2_
[[2, 'bufw']]
120 9.708
0,5,2,4,0
0,20,4118,3505,0
0,23.333333333333336,0.11332361988020075,0.1331431288635283,0,
466.6666666666667 (x14)
Limited by: DSP48E

4_5_2_3_
[[2, 'bufw']]
170 10.481
0,5,3,5,0
0,20,4356,4017,0
0,24.705882352941178,0.11343380327337546,0.12300663357202478,0,
494.11764705882354 (x14)
Limited by: LUT

4_5_2_4_
[[2, 'bufw']]
220 9.513
0,5,3,6,0
0,20,4286,4609,0
0,21.81818181818182,0.10181139439188903,0.09467642359809858,0,
436.3636363636364 (x12)
Limited by: LUT

4_5_3_1_
[[2, 'bufw']]
160 10.481
0,2,1,2,0
0,10,1884,2069,0
0,50.625,0.26871019108280253,0.2446834219429676,0,
506.25 (x27)
Limited by: LUT

4_5_3_2_
[[2, 'bufw']]
175 10.481
0,5,3,6,0
0,20,5158,4262,0
0,22.285714285714285,0.08641223065418491,0.10457866863310317,0,
445.7142857142857 (x13)
Limited by: LUT

4_5_3_3_
[[2, 'bufw']]
180 10.481
0,8,4,7,0
0,30,6960,5579,0
0,15.0,0.06465517241379311,0.08065961641871303,0,
450.0 (x9)
Limited by: DSP48E

4_5_3_4_
[[2, 'bufw']]
230 9.513
0,8,4,8,0
0,30,6602,6193,0
0,15.652173913043477,0.07112469212228179,0.0758219307914265,0,
469.5652173913043 (x9)
Limited by: LUT

4_5_4_1_
[[2, 'bufw']]
210 9.513
0,2,1,3,0
0,10,1830,2193,0
0,47.61904761904762,0.2602133749674733,0.21714112001389704,0,
476.1904761904762 (x25)
Limited by: LUT

4_5_4_2_
[[2, 'bufw']]
230 9.513
0,5,4,6,0
0,20,5712,4623,0
0,20.869565217391305,0.07307270734380708,0.09028581102051181,0,
417.39130434782606 (x12)
Limited by: LUT

4_5_4_3_
[[2, 'bufw']]
237 9.513
0,8,5,9,0
0,30,8026,6428,0
0,13.50210970464135,0.05046888750800405,0.06301544666136287,0,
405.0632911392405 (x8)
Limited by: LUT

4_5_4_4_
[[2, 'bufw']]
240 9.513
0,11,6,10,0
0,40,9168,7399,0
0,11.666666666666668,0.05090168702734148,0.0630715862503942,0,
466.6666666666667 (x7)
Limited by: DSP48E

5_4_1_1_
[[2, 'bufw']]
59 8.739
0,2,1,1,0
0,10,1460,1385,0
0,47.45762711864407,0.325052240538658,0.342654347427033,0,
474.5762711864407 (x28)
Limited by: DSP48E

5_4_1_2_
[[2, 'bufw']]
109 9.708
0,2,1,2,0
0,10,2094,1996,0
0,51.37614678899083,0.24534931608878144,0.25739552499494406,0,
513.7614678899083 (x28)
Limited by: LUT

5_4_1_3_
[[2, 'bufw']]
159 10.481
0,2,1,3,0
0,10,2140,2436,0
0,43.39622641509435,0.2027861047434315,0.17814542863339222,0,
433.96226415094344 (x23)
Limited by: LUT

5_4_1_4_
[[2, 'bufw']]
209 9.513
0,2,1,4,0
0,10,2130,2878,0
0,36.36363636363636,0.17072129748186085,0.126350369574831,0,
363.6363636363636 (x19)
Limited by: LUT

5_4_2_1_
[[2, 'bufw']]
110 9.708
0,2,1,2,0
0,10,1598,1606,0
0,50.909090909090914,0.31858004323586303,0.3169930940790219,0,
509.0909090909091 (x28)
Limited by: DSP48E

5_4_2_2_
[[2, 'bufw']]
120 9.708
0,5,2,4,0
0,20,4084,3247,0
0,23.333333333333336,0.11426705843943846,0.14372241043014064,0,
466.6666666666667 (x14)
Limited by: DSP48E

5_4_2_3_
[[2, 'bufw']]
170 10.481
0,5,3,5,0
0,20,4290,3703,0
0,24.705882352941178,0.11517893870835047,0.13343711775825642,0,
494.11764705882354 (x14)
Limited by: DSP48E

5_4_2_4_
[[2, 'bufw']]
220 9.513
0,5,2,5,0
0,20,4184,4147,0
0,23.636363636363637,0.11298452981053364,0.1139925904816187,0,
472.72727272727275 (x13)
Limited by: LUT

5_4_3_1_
[[2, 'bufw']]
160 10.481
0,2,1,2,0
0,10,1870,1834,0
0,52.5,0.2807486631016043,0.2862595419847328,0,
525.0 (x28)
Limited by: DSP48E

5_4_3_2_
[[2, 'bufw']]
175 10.481
0,5,3,5,0
0,20,5092,3973,0
0,24.0,0.09426551453260015,0.12081550465643091,0,
480.0 (x14)
Limited by: LUT

5_4_3_3_
[[2, 'bufw']]
180 10.481
0,8,4,7,0
0,30,6894,5231,0
0,15.0,0.06527415143603134,0.08602561651691837,0,
450.0 (x9)
Limited by: DSP48E

5_4_3_4_
[[2, 'bufw']]
230 9.513
0,8,4,8,0
0,30,6660,5661,0
0,15.652173913043477,0.07050528789659224,0.08294739752540263,0,
469.5652173913043 (x9)
Limited by: DSP48E

5_4_4_1_
[[2, 'bufw']]
210 9.513
0,2,1,2,0
0,10,1816,1978,0
0,53.333333333333336,0.2936857562408223,0.2696326255476913,0,
533.3333333333334 (x28)
Limited by: LUT

5_4_4_2_
[[2, 'bufw']]
230 9.513
0,5,4,6,0
0,20,5678,4332,0
0,22.608695652173914,0.07963612417109515,0.10437994299249267,0,
452.17391304347825 (x13)
Limited by: LUT

5_4_4_3_
[[2, 'bufw']]
237 9.513
0,8,5,8,0
0,30,7768,6056,0
0,15.189873417721518,0.05866325985216858,0.07524706118422153,0,
455.69620253164555 (x9)
Limited by: LUT

5_4_4_4_
[[2, 'bufw']]
240 9.513
0,11,6,9,0
0,40,8938,6875,0
0,11.666666666666668,0.05221153128962482,0.06787878787878789,0,
466.6666666666667 (x7)
Limited by: DSP48E

5_5_1_1_
[[2, 'bufw']]
74 9.513
0,2,0,2,0
0,10,1355,1759,0
0,47.2972972972973,0.34905754462950034,0.2688874206782109,0,
472.97297297297297 (x28)
Limited by: DSP48E

5_5_1_2_
[[2, 'bufw']]
134 8.997
0,2,1,3,0
0,10,2291,2550,0
0,41.04477611940298,0.1791565958943823,0.16095990635059995,0,
410.44776119402985 (x22)
Limited by: LUT

5_5_1_3_
[[2, 'bufw']]
199 10.739
0,2,1,4,0
0,10,2440,3142,0
0,32.03517587939699,0.13129170442375815,0.10195791177401968,0,
320.35175879396985 (x17)
Limited by: LUT

5_5_1_4_
[[2, 'bufw']]
259 10.223
0,2,1,5,0
0,10,2576,3740,0
0,28.957528957528957,0.11241276769227079,0.07742654801478331,0,
289.57528957528956 (x15)
Limited by: LUT

5_5_2_1_
[[2, 'bufw']]
135 8.997
0,2,1,2,0
0,10,1751,2049,0
0,50.0,0.2855511136493432,0.2440214738897023,0,
500.0 (x27)
Limited by: LUT

5_5_2_2_
[[2, 'bufw']]
147 8.997
0,5,3,5,0
0,20,4569,3856,0
0,23.809523809523807,0.1042220346225599,0.12349338075479153,0,
476.19047619047615 (x14)
Limited by: DSP48E

5_5_2_3_
[[2, 'bufw']]
212 10.739
0,5,3,6,0
0,20,4750,4508,0
0,21.22641509433962,0.08937437934458789,0.09417220538748723,0,
424.52830188679246 (x12)
Limited by: LUT

5_5_2_4_
[[2, 'bufw']]
272 10.223
0,5,3,7,0
0,20,4950,5156,0
0,18.38235294117647,0.07427213309566251,0.07130470496965272,0,
367.6470588235294 (x10)
Limited by: LUT

5_5_3_1_
[[2, 'bufw']]
200 10.739
0,2,1,3,0
0,10,1962,2345,0
0,45.0,0.22935779816513763,0.19189765458422176,0,
450.0 (x24)
Limited by: LUT

5_5_3_2_
[[2, 'bufw']]
218 10.739
0,5,4,6,0
0,20,5676,4731,0
0,18.922018348623855,0.06667377853637721,0.07999162269551408,0,
378.4403669724771 (x11)
Limited by: LUT

5_5_3_3_
[[2, 'bufw']]
225 10.739
0,8,5,8,0
0,30,7450,6142,0
0,15.0,0.06040268456375839,0.07326603712145881,0,
450.0 (x9)
Limited by: LUT

5_5_3_4_
[[2, 'bufw']]
285 10.223
0,8,5,9,0
0,30,7646,6787,0
0,14.035087719298245,0.055068353593898424,0.062038106907167725,0,
421.05263157894734 (x8)
Limited by: LUT

5_5_4_1_
[[2, 'bufw']]
260 10.223
0,2,1,3,0
0,10,2102,2502,0
0,42.30769230769231,0.20127351240576738,0.16909549283650002,0,
423.07692307692304 (x22)
Limited by: LUT

5_5_4_2_
[[2, 'bufw']]
285 10.223
0,5,4,7,0
0,20,6776,5168,0
0,17.54385964912281,0.05178234843306614,0.06789419368855576,0,
350.87719298245617 (x10)
Limited by: LUT

5_5_4_3_
[[2, 'bufw']]
293 10.223
0,8,6,9,0
0,30,9282,7027,0
0,13.651877133105803,0.04412371406950809,0.05828323808071354,0,
409.55631399317406 (x8)
Limited by: LUT

5_5_4_4_
[[2, 'bufw']]
298 10.223
0,11,7,11,0
0,40,10760,8043,0
0,11.74496644295302,0.04366158528978818,0.0584108737682607,0,
469.7986577181208 (x7)
Limited by: LUT

6_4_1_1_
[[2, 'bufw']]
69 9.255
0,2,0,1,0
0,10,1273,1399,0
0,48.69565217391304,0.3825267256395368,0.3480747117506293,0,
486.9565217391304 (x28)
Limited by: DSP48E

6_4_1_2_
[[2, 'bufw']]
129 8.997
0,2,1,3,0
0,10,2105,2156,0
0,48.372093023255815,0.22979616638126277,0.2243603572507227,0,
483.72093023255815 (x26)
Limited by: LUT

6_4_1_3_
[[2, 'bufw']]
189 10.223
0,2,1,3,0
0,10,2157,2680,0
0,40.0,0.1854427445526194,0.14925373134328357,0,
400.0 (x21)
Limited by: LUT

6_4_1_4_
[[2, 'bufw']]
249 9.77
0,2,1,4,0
0,10,2213,3220,0
0,32.7710843373494,0.1480844299021663,0.10177355384270001,0,
327.710843373494 (x17)
Limited by: LUT

6_4_2_1_
[[2, 'bufw']]
130 8.997
0,2,1,2,0
0,10,1669,1718,0
0,51.69230769230769,0.3097202378208969,0.3008865407002776,0,
516.9230769230769 (x28)
Limited by: DSP48E

6_4_2_2_
[[2, 'bufw']]
142 8.997
0,5,3,4,0
0,20,4287,3433,0
0,23.661971830985912,0.11038941838575188,0.1378501126186188,0,
473.2394366197183 (x14)
Limited by: DSP48E

6_4_2_3_
[[2, 'bufw']]
202 10.223
0,5,3,5,0
0,20,4371,3969,0
0,24.95049504950495,0.11416378425762962,0.12572685840012573,0,
499.009900990099 (x14)
Limited by: LUT

6_4_2_4_
[[2, 'bufw']]
262 9.77
0,5,3,6,0
0,20,4459,4521,0
0,21.98473282442748,0.09860835534616497,0.0972560620412629,0,
439.6946564885496 (x12)
Limited by: LUT

6_4_3_1_
[[2, 'bufw']]
190 10.223
0,2,1,2,0
0,10,1815,1990,0
0,53.05263157894736,0.2923010004349717,0.2665961385876752,0,
530.5263157894736 (x28)
Limited by: LUT

6_4_3_2_
[[2, 'bufw']]
208 10.223
0,5,3,6,0
0,20,5296,4307,0
0,22.5,0.08496978851963746,0.10448107731599722,0,
450.0 (x13)
Limited by: LUT

6_4_3_3_
[[2, 'bufw']]
214 10.223
0,8,5,7,0
0,30,7137,5572,0
0,15.140186915887849,0.06364097064265595,0.08151572280628777,0,
454.20560747663546 (x9)
Limited by: DSP48E

6_4_3_4_
[[2, 'bufw']]
274 9.77
0,8,5,8,0
0,30,7193,6177,0
0,15.766423357664234,0.06575736142498638,0.07657320717661115,0,
472.99270072992704 (x9)
Limited by: LUT

6_4_4_1_
[[2, 'bufw']]
250 9.77
0,2,1,3,0
0,10,1923,2150,0
0,49.92,0.259594383775351,0.2321860465116279,0,
499.2 (x26)
Limited by: LUT

6_4_4_2_
[[2, 'bufw']]
274 9.77
0,5,4,6,0
0,20,6338,4734,0
0,19.27007299270073,0.060808056146105176,0.08141137723996929,0,
385.4014598540146 (x11)
Limited by: LUT

6_4_4_3_
[[2, 'bufw']]
282 9.77
0,8,6,9,0
0,30,8723,6598,0
0,13.617021276595745,0.04683143853007822,0.06191431317033531,0,
408.51063829787233 (x8)
Limited by: LUT

6_4_4_4_
[[2, 'bufw']]
286 9.77
0,11,7,10,0
0,40,9893,7467,0
0,11.748251748251748,0.04750127058830182,0.06293425337218025,0,
469.9300699300699 (x7)
Limited by: DSP48E

6_5_1_1_
[[2, 'bufw']]
84 9.696
0,2,1,2,0
0,10,1492,1878,0
0,50.0,0.3351206434316354,0.26624068157614483,0,
500.0 (x28)
Limited by: DSP48E

6_5_1_2_
[[2, 'bufw']]
159 10.481
0,2,1,3,0
0,10,2463,2764,0
0,37.735849056603776,0.15321091781000315,0.1365262266881468,0,
377.35849056603774 (x20)
Limited by: LUT

6_5_1_3_
[[2, 'bufw']]
234 10.739
0,2,1,4,0
0,10,2476,3417,0
0,30.769230769230766,0.12426991425375916,0.09004750005627968,0,
307.6923076923077 (x16)
Limited by: LUT

6_5_1_4_
[[2, 'bufw']]
309 10.665
0,2,1,5,0
0,10,2473,4079,0
0,25.24271844660194,0.10207326504893628,0.06188457574553062,0,
252.4271844660194 (x13)
Limited by: LUT

6_5_2_1_
[[2, 'bufw']]
160 10.481
0,2,1,3,0
0,10,1923,2283,0
0,45.0,0.23400936037441497,0.19710906701708278,0,
450.0 (x24)
Limited by: LUT

6_5_2_2_
[[2, 'bufw']]
175 10.481
0,5,3,5,0
0,20,5029,4165,0
0,22.285714285714285,0.08862881004459848,0.10701423426513462,0,
445.7142857142857 (x13)
Limited by: LUT

6_5_2_3_
[[2, 'bufw']]
250 10.739
0,5,3,6,0
0,20,5010,4824,0
0,19.8,0.07904191616766468,0.08208955223880597,0,
396.0 (x11)
Limited by: LUT

6_5_2_4_
[[2, 'bufw']]
325 10.665
0,5,3,7,0
0,20,4847,5536,0
0,18.46153846153846,0.07617717541381662,0.06669630947087593,0,
369.23076923076917 (x10)
Limited by: LUT

6_5_3_1_
[[2, 'bufw']]
235 10.739
0,2,1,3,0
0,10,2040,2557,0
0,42.12765957446809,0.20650813516896122,0.1647542415896288,0,
421.2765957446809 (x22)
Limited by: LUT

6_5_3_2_
[[2, 'bufw']]
257 10.739
0,5,4,7,0
0,20,6138,5218,0
0,17.509727626459146,0.05705352761961273,0.06711279274227347,0,
350.19455252918294 (x10)
Limited by: LUT

6_5_3_3_
[[2, 'bufw']]
265 10.739
0,8,5,9,0
0,30,8265,6599,0
0,13.584905660377359,0.04931000239701401,0.06175892859695723,0,
407.54716981132077 (x8)
Limited by: LUT

6_5_3_4_
[[2, 'bufw']]
340 10.665
0,8,5,10,0
0,30,8227,7309,0
0,12.352941176470587,0.045045367119742025,0.05070300113478145,0,
370.5882352941176 (x7)
Limited by: LUT

6_5_4_1_
[[2, 'bufw']]
310 10.665
0,2,1,3,0
0,10,2087,2741,0
0,38.70967741935484,0.1854800068009336,0.1412246531169458,0,
387.0967741935484 (x20)
Limited by: LUT

6_5_4_2_
[[2, 'bufw']]
340 10.665
0,5,5,8,0
0,20,7346,5774,0
0,15.882352941176473,0.04324081933345078,0.05501334583019214,0,
317.64705882352945 (x9)
Limited by: LUT

6_5_4_3_
[[2, 'bufw']]
350 10.665
0,8,7,11,0
0,30,10107,7772,0
0,12.0,0.03561887800534283,0.04632012352032939,0,
360.0 (x7)
Limited by: LUT

6_5_4_4_
[[2, 'bufw']]
2596 11.255
0,127,40,81,0
0,460,57730,57682,0
0,0.0,0.0,0.0,0,
0.0 (x0)
Limited by: DSP48E

4_4_1_1_
[[3, 'bufw']]
299 8.739
0,1,0,1,0
0,5,1119,1356,0
0,21.93979933110368,0.09803306224800572,0.08089896508519057,0,
109.6989966555184 (x41)
Limited by: LUT

4_4_1_2_
[[3, 'bufw']]
711 9.255
0,1,1,2,0
0,5,1857,1994,0
0,12.60196905766526,0.033930988308199406,0.031599721809591926,0,
63.0098452883263 (x28)
Limited by: LUT

4_4_1_3_
[[3, 'bufw']]
1123 9.77
0,1,1,3,0
0,5,2451,2414,0
0,9.830810329474621,0.020054692634587153,0.020362076075962347,0,
49.15405164737311 (x23)
Limited by: LUT

4_4_1_4_
[[3, 'bufw']]
1591 10.149
0,3,2,5,0
0,12,3668,3789,0
0,2.3465325790907188,0.007676769615345863,0.00743161545238549,0,
28.158390949088624 (x14)
Limited by: LUT

4_4_2_1_
[[3, 'bufw']]
620 9.255
0,1,0,2,0
0,5,1215,1784,0
0,16.0,0.06584362139917696,0.04484304932735426,0,
80.0 (x31)
Limited by: LUT

4_4_2_2_
[[3, 'bufw']]
1396 9.708
0,4,1,5,0
0,15,2605,3530,0
0,2.292263610315186,0.013199214646728517,0.009740496927684927,0,
34.38395415472779 (x15)
Limited by: LUT

4_4_2_3_
[[3, 'bufw']]
2136 10.075
0,4,2,6,0
0,15,3265,4425,0
0,1.7977528089887642,0.008259201266410861,0.00609407731860598,0,
26.966292134831463 (x12)
Limited by: LUT

4_4_2_4_
[[3, 'bufw']]
2876 11.032
0,4,2,7,0
0,17,4024,5170,0
0,1.309007608606725,0.005530101726221253,0.0043042803377784,0,
22.253129346314324 (x10)
Limited by: LUT

4_4_3_1_
[[3, 'bufw']]
940 9.77
0,1,0,2,0
0,5,1279,2091,0
0,13.276595744680852,0.051902250761066665,0.03174700082420099,0,
66.38297872340426 (x26)
Limited by: LUT

4_4_3_2_
[[3, 'bufw']]
2036 10.428
0,4,1,5,0
0,15,2701,4180,0
0,2.0432220039292734,0.01134703075118071,0.007332136377736626,0,
30.6483300589391 (x13)
Limited by: LUT

4_4_3_3_
[[3, 'bufw']]
3096 10.736
0,5,2,7,0
0,20,3908,5188,0
0,1.1627906976744187,0.0059508224036561854,0.00448261641354826,0,
23.255813953488374 (x10)
Limited by: LUT

4_4_3_4_
[[3, 'bufw']]
4156 11.181
0,6,3,8,0
0,25,4987,5910,0
0,0.8315688161693936,0.004168682655751923,0.0035176345861649477,0,
20.78922040423484 (x9)
Limited by: LUT

4_4_4_1_
[[3, 'bufw']]
1260 9.622
0,1,0,3,0
0,5,1343,2433,0
0,11.682539682539682,0.04349419092531527,0.024008507362391455,0,
58.41269841269841 (x23)
Limited by: LUT

4_4_4_2_
[[3, 'bufw']]
2676 10.612
0,6,2,7,0
0,25,3603,5398,0
0,0.9566517189835576,0.006637883145875365,0.004430584100516662,0,
23.91629297458894 (x10)
Limited by: LUT

4_4_4_3_
[[3, 'bufw']]
4056 10.552
0,6,3,8,0
0,25,4551,5677,0
0,0.8520710059171599,0.00468068010281894,0.0037522943716626735,0,
21.301775147928996 (x9)
Limited by: LUT

4_4_4_4_
[[3, 'bufw']]
12876 10.997
0,13,12,15,0
0,50,17540,11067,0
0,0.09940975458216837,0.00028338014419090185,0.0004491269295299917,0,
4.970487729108418 (x5)
Limited by: LUT

4_5_1_1_
[[3, 'bufw']]
369 9.708
0,1,0,2,0
0,5,1277,1736,0
0,17.34417344173442,0.06790984119708073,0.04995441659485719,0,
86.72086720867209 (x32)
Limited by: LUT

4_5_1_2_
[[3, 'bufw']]
891 9.513
0,1,1,4,0
0,5,2159,2866,0
0,8.529741863075197,0.019753918163675766,0.014880917416390782,0,
42.64870931537598 (x19)
Limited by: LUT

4_5_1_3_
[[3, 'bufw']]
1461 10.481
0,2,1,6,0
0,10,2789,4419,0
0,2.464065708418891,0.008834943379056619,0.005576070849556214,0,
24.64065708418891 (x12)
Limited by: LUT

4_5_1_4_
[[3, 'bufw']]
1991 10.17
0,3,3,8,0
0,12,4354,5840,0
0,1.5067805123053741,0.004152817213519635,0.0030961243403535084,0,
18.08136614766449 (x9)
Limited by: LUT

4_5_2_1_
[[3, 'bufw']]
770 9.513
0,1,0,3,0
0,5,1389,2257,0
0,12.987012987012985,0.04674950679270333,0.02877052057379926,0,
64.93506493506493 (x25)
Limited by: LUT

4_5_2_2_
[[3, 'bufw']]
1736 10.223
0,5,2,6,0
0,20,3166,4912,0
0,1.2672811059907834,0.008005566051742156,0.005159939356639997,0,
25.345622119815665 (x11)
Limited by: LUT

4_5_2_3_
[[3, 'bufw']]
2666 10.481
0,5,2,8,0
0,20,4092,6283,0
0,0.9002250562640659,0.004399926961212443,0.0028655898655548812,0,
18.00450112528132 (x8)
Limited by: LUT

4_5_2_4_
[[3, 'bufw']]
3526 10.463
0,5,4,10,0
0,20,5944,7370,0
0,0.7941009642654565,0.0026719413333292615,0.002154955126907616,0,
15.88201928530913 (x7)
Limited by: LUT

4_5_3_1_
[[3, 'bufw']]
1170 10.665
0,1,1,3,0
0,5,1469,2615,0
0,10.76923076923077,0.03665497198512856,0.02059126342109134,0,
53.846153846153854 (x21)
Limited by: LUT

4_5_3_2_
[[3, 'bufw']]
2536 10.096
0,4,2,7,0
0,15,3003,5369,0
0,1.5772870662460567,0.007878556774455828,0.0044066503992719035,0,
23.65930599369085 (x10)
Limited by: LUT

4_5_3_3_
[[3, 'bufw']]
3676 9.966
0,5,3,9,0
0,20,4390,6453,0
0,0.9793253536452665,0.0044616189232130595,0.003035256016256831,0,
19.58650707290533 (x8)
Limited by: LUT

4_5_3_4_
[[3, 'bufw']]
12076 10.739
0,16,15,21,0
0,60,21478,14850,0
0,0.049685326266975825,0.00013879875109500648,0.00020074879299788212,0,
2.9811195760185494 (x3)
Limited by: LUT

4_5_4_1_
[[3, 'bufw']]
1606 11.032
0,2,1,4,0
0,10,1652,3516,0
0,3.985056039850561,0.02412261525333269,0.011334061546787715,0,
39.85056039850561 (x16)
Limited by: LUT

4_5_4_2_
[[3, 'bufw']]
3336 10.369
0,5,2,8,0
0,20,3550,5873,0
0,1.079136690647482,0.006079643327591448,0.003674907851685619,0,
21.58273381294964 (x9)
Limited by: LUT

4_5_4_3_
[[3, 'bufw']]
12066 10.23
0,15,11,17,0
0,54,16920,12391,0
0,0.07366889515074498,0.00023511349516195206,0.000321049175864759,0,
3.978120338140229 (x4)
Limited by: LUT

