2_2_2_2_
4461
0,5,595,887,0
0,892.2,7.497478991596639,5.029312288613303,0,
0.00717327953373683
2_2_2_2_
4461
0,5,595,887,0
0,892.2,7.497478991596639,5.029312288613303,0,
0.00717327953373683
2_2_2_3_
6661
0,5,595,920,0
0,1332.2,11.194957983193277,7.2402173913043475,0,
0.007206125206425462
2_2_2_4_
8861
0,5,600,910,0
0,1772.2,14.768333333333333,9.737362637362637,0,
0.007222661099198736
2_2_3_2_
6611
0,5,597,902,0
0,1322.2,11.073701842546063,7.329268292682927,0,
0.007260626229012252
2_2_3_3_
9886
0,5,597,919,0
0,1977.2,16.559463986599663,10.75734494015234,0,
0.007283026502124216
2_2_3_4_
13161
0,5,602,905,0
0,2632.2,21.862126245847175,14.542541436464088,0,
0.007294278550262138
2_2_4_2_
8761
0,5,601,911,0
0,1752.2,14.577371048252912,9.616904500548847,0,
0.007305102157287981
2_2_4_3_
13111
0,5,601,921,0
0,2622.2,21.815307820299502,14.235613463626493,0,
0.007322095949965678
2_2_4_4_
17461
0,5,606,911,0
0,3492.2,28.813531353135314,19.166849615806807,0,
0.007330622530210182
2_3_2_2_
6261
0,5,600,898,0
0,1252.2,10.435,6.972160356347438,0,
0.007666506947771922
2_3_2_3_
9361
0,5,600,919,0
0,1872.2,15.601666666666667,10.1860718171926,0,
0.007691485952355518
2_3_2_4_
12461
0,5,605,921,0
0,2492.2,20.596694214876035,13.52985884907709,0,
0.007704036594173822
2_3_3_2_
9311
0,5,604,919,0
0,1862.2,15.415562913907285,10.131664853101197,0,
0.007732789174095156
2_3_3_3_
13936
0,5,604,921,0
0,2787.2,23.072847682119207,15.131378935939196,0,
0.007749712973593571
2_3_3_4_
18561
0,5,609,922,0
0,3712.2,30.47783251231527,20.13123644251627,0,
0.007758202683045095
2_3_4_2_
12361
0,5,606,925,0
0,2472.2,20.397689768976896,13.363243243243243,0,
0.00776636194482647
2_3_4_3_
18511
0,5,606,920,0
0,3702.2,30.546204620462046,20.120652173913044,0,
0.007779158338285344
2_3_4_4_
24661
0,5,611,925,0
0,4932.2,40.361702127659576,26.66054054054054,0,
0.007785572361218118
2_4_2_2_
8061
0,5,600,862,0
0,1612.2,13.435,9.351508120649651,0,
0.007939461605259893
2_4_2_3_
12061
0,5,600,895,0
0,2412.2,20.101666666666667,13.475977653631285,0,
0.007959539010032336
2_4_2_4_
16061
0,5,605,883,0
0,3212.2,26.54710743801653,18.189127972819932,0,
0.00796961583961148
2_4_3_2_
12011
0,5,602,877,0
0,2402.2,19.951827242524917,13.695553021664766,0,
0.007992673382732495
2_4_3_3_
17986
0,5,602,894,0
0,3597.2,29.877076411960132,20.11856823266219,0,
0.008006227065495385
2_4_3_4_
23961
0,5,607,878,0
0,4792.2,39.47446457990115,27.290432801822323,0,
0.008013021159384
2_4_4_2_
15961
0,5,606,883,0
0,3192.2,26.33828382838284,18.075877689694224,0,
0.008019547647390515
2_4_4_3_
23911
0,5,606,893,0
0,4782.2,39.45709570957096,26.776035834266516,0,
0.00802977709004224
2_4_4_4_
31861
0,5,611,881,0
0,6372.2,52.145662847790504,36.164585698070375,0,
0.008034901603841687
3_2_2_2_
6461
0,5,597,884,0
0,1292.2,10.822445561139029,7.3088235294117645,0,
0.007429190527782077
3_2_2_3_
9661
0,5,597,917,0
0,1932.2,16.182579564489114,10.535441657579062,0,
0.007452644653762551
3_2_2_4_
12861
0,5,602,907,0
0,2572.2,21.36378737541528,14.179713340683572,0,
0.0074644273384651275
3_2_3_2_
9611
0,5,600,899,0
0,1922.2,16.018333333333334,10.690767519466073,0,
0.007491416085735095
3_2_3_3_
14386
0,5,600,916,0
0,2877.2,23.976666666666667,15.70524017467249,0,
0.007507298762685945
3_2_3_4_
19161
0,5,605,902,0
0,3832.2,31.67107438016529,21.24279379157428,0,
0.007515265382808831
3_2_4_2_
12761
0,5,604,908,0
0,2552.2,21.12748344370861,14.05396475770925,0,
0.007522921401144111
3_2_4_3_
19111
0,5,604,918,0
0,3822.2,31.64072847682119,20.818082788671024,0,
0.007534927528648422
3_2_4_4_
25461
0,5,609,908,0
0,5092.2,41.80788177339902,28.040748898678412,0,
0.007540944974667138
3_3_2_2_
9161
0,5,603,895,0
0,1832.2,15.192371475953566,10.235754189944133,0,
0.007859403995197032
3_3_2_3_
13711
0,5,604,918,0
0,2742.2,22.700331125827816,14.935729847494553,0,
0.007876887170884691
3_3_2_4_
18261
0,5,608,918,0
0,3652.2,30.03453947368421,19.892156862745097,0,
0.007885657959586003
3_3_3_2_
13661
0,5,608,916,0
0,2732.2,22.46875,14.913755458515285,0,
0.007905717004611668
3_3_3_3_
20461
0,5,609,920,0
0,4092.2,33.59770114942529,22.24021739130435,0,
0.007917501588387664
3_3_3_4_
27261
0,5,613,919,0
0,5452.2,44.47145187601958,29.663764961915124,0,
0.007923407065037967
3_3_4_2_
18161
0,5,610,922,0
0,3632.2,29.772131147540982,19.697396963123644,0,
0.007929078795220527
3_3_4_3_
27211
0,5,611,919,0
0,5442.2,44.53518821603928,29.60935799782372,0,
0.007937966263643379
3_3_4_4_
36261
0,5,615,922,0
0,7252.2,58.9609756097561,39.32863340563991,0,
0.007942417473318442
3_4_2_2_
11861
0,5,603,859,0
0,2372.2,19.669983416252073,13.807916181606519,0,
0.008093752634685102
3_4_2_3_
17761
0,5,603,892,0
0,3552.2,29.454394693200662,19.911434977578477,0,
0.008107651596193907
3_4_2_4_
23661
0,5,608,880,0
0,4732.2,38.91611842105263,26.8875,0,
0.008114618993280082
3_4_3_2_
17711
0,5,606,874,0
0,3542.2,29.226072607260726,20.26430205949657,0,
0.00813054034216024
3_4_3_3_
26536
0,5,606,891,0
0,5307.2,43.788778877887786,29.782267115600447,0,
0.008139885438649382
3_4_3_4_
35361
0,5,611,875,0
0,7072.2,57.87397708674305,40.412571428571425,0,
0.00814456604734029
3_4_4_2_
23561
0,5,610,880,0
0,4712.2,38.62459016393443,26.773863636363636,0,
0.008149059887101566
3_4_4_3_
35311
0,5,610,890,0
0,7062.2,57.88688524590164,39.6752808988764,0,
0.00815609866613803
3_4_4_4_
47061
0,5,615,878,0
0,9412.2,76.52195121951219,53.600227790432804,0,
0.008159622617453942
4_2_2_2_
8461
0,5,596,878,0
0,1692.2,14.196308724832214,9.636674259681094,0,
0.007564117716581964
4_2_2_3_
12661
0,5,597,913,0
0,2532.2,21.207705192629817,13.867469879518072,0,
0.007582339467656583
4_2_2_4_
16861
0,5,600,901,0
0,3372.2,28.101666666666667,18.71365149833518,0,
0.007591483304667576
4_2_3_2_
12611
0,5,600,893,0
0,2522.2,21.018333333333334,14.122060470324747,0,
0.007612401871382127
4_2_3_3_
18886
0,5,601,912,0
0,3777.2,31.424292845257902,20.708333333333332,0,
0.007624695541671079
4_2_3_4_
25161
0,5,604,896,0
0,5032.2,41.65728476821192,28.081473214285715,0,
0.007630857279122451
4_2_4_2_
16761
0,5,604,902,0
0,3352.2,27.75,18.582039911308204,0,
0.007636775848696378
4_2_4_3_
25111
0,5,605,914,0
0,5022.2,41.505785123966945,27.473741794310722,0,
0.007646051531201466
4_2_4_4_
33461
0,5,608,902,0
0,6692.2,55.03453947368421,37.09645232815964,0,
0.0076506978273213596
4_3_2_2_
12061
0,5,603,889,0
0,2412.2,20.001658374792704,13.566929133858268,0,
0.007959539010032336
4_3_2_3_
18061
0,5,604,912,0
0,3612.2,29.9023178807947,19.80372807017544,0,
0.0079729804551243
4_3_2_4_
24061
0,5,607,912,0
0,4812.2,39.639209225700164,26.38267543859649,0,
0.00797971821620049
4_3_3_2_
18011
0,5,609,910,0
0,3602.2,29.57471264367816,19.79230769230769,0,
0.007995114096940759
4_3_3_3_
26986
0,5,610,914,0
0,5397.2,44.239344262295084,29.525164113785557,0,
0.008004150300155636
4_3_3_4_
35961
0,5,613,913,0
0,7192.2,58.66394779771615,39.38773274917853,0,
0.008008676065737883
4_3_4_2_
23961
0,5,611,916,0
0,4792.2,39.216039279869065,26.15829694323144,0,
0.008013021159384
4_3_4_3_
35911
0,5,612,913,0
0,7182.2,58.678104575163395,39.332968236582694,0,
0.008019826794018546
4_3_4_4_
47861
0,5,615,916,0
0,9572.2,77.82276422764228,52.25,0,
0.008023233948308645
4_4_2_2_
15661
0,5,599,853,0
0,3132.2,26.14524207011686,18.359906213364596,0,
0.00817316901858119
4_4_2_3_
23461
0,5,599,886,0
0,4692.2,39.1669449081803,26.479683972911964,0,
0.008183794382166149
4_4_2_4_
31261
0,5,602,874,0
0,6252.2,51.92857142857143,35.767734553775746,0,
0.008189117430664406
4_4_3_2_
23411
0,5,603,868,0
0,4682.2,38.824212271973465,26.97119815668203,0,
0.008201272905898936
4_4_3_3_
35086
0,5,603,885,0
0,7017.2,58.185737976782754,39.64519774011299,0,
0.008208402211708373
4_4_3_4_
46761
0,5,606,869,0
0,9352.2,77.16336633663366,53.81012658227848,0,
0.008211971514723809
4_4_4_2_
31161
0,5,607,874,0
0,6232.2,51.336079077429986,35.653318077803206,0,
0.008215397451943133
4_4_4_3_
46711
0,5,607,884,0
0,9342.2,76.95387149917627,52.84049773755656,0,
0.008220761704951724
4_4_4_4_
62261
0,5,610,872,0
0,12452.2,102.0672131147541,71.40022935779817,0,
0.00822344645926021
