31_31_48_48_
[[1, 'bufi'], [2, 'bufw']]
1153602 4.185
0,67,20,28,0
0,243,28873,20365,0
0,0.3949240597582053,0.0033237469788814427,0.004712327351890199,0,
19.19330930424878 (x1)
Limited by: DSP48E
Clock: 5

31_31_48_128_
[]
27677387 3.031
0,3,7,13,0
0,12,10083,9755,0
0,4.444350183779993,0.005289318873882765,0.0054671657821998895,0,
17.777400735119972 (x5)
Limited by: LUT
Clock: 3

31_31_48_128_
[]
27677387 3.031
0,3,7,13,0
0,12,10083,9755,0
0,4.444350183779993,0.005289318873882765,0.0054671657821998895,0,
17.777400735119972 (x5)
Limited by: LUT
Clock: 3

31_31_48_128_
[[2, 'bufw']]
27677387 3.031
0,3,6,8,0
0,12,9810,6164,0
0,7.999830330803988,0.009785725175295398,0.015573972091117433,0,
31.999321323215945 (x9)
Limited by: LUT
Clock: 3

31_31_48_128_
[[3, 'bufw']]
166061263 4.062
0,1,4,7,0
0,5,6134,5310,0
0,3.5555456422127785,0.0028982276183671164,0.003347971414512974,0,
5.925909403687964 (x10)
Limited by: LUT
Clock: 3

31_31_48_128_
[[1, 'bufi']]
27677387 3.031
0,3,7,11,0
0,13,10950,8028,0
0,5.743467929807991,0.006818729049087113,0.00930058334423317,0,
24.88836102916796 (x7)
Limited by: LUT
Clock: 3

31_31_48_128_
[[1, 'bufi'], [2, 'bufw']]
1153803 2.846
0,67,25,29,0
0,243,36271,20492,0
0,1.0529473637704998,0.0070542915661611595,0.012486151151485039,0,
85.28873646541047 (x1)
Limited by: DSP48E
Clock: 3

31_31_48_128_
[[1, 'bufi'], [3, 'bufw']]
166061263 4.062
0,1,4,4,0
0,6,6175,3419,0
0,4.740727522950371,0.004606374921085381,0.008319498431618083,0,
9.48145504590074 (x16)
Limited by: LUT
Clock: 3

31_31_48_128_
[]
27677279 4.025
0,3,5,13,0
0,12,8417,9516,0
0,4.444367526157467,0.006336273056182677,0.005604498771951408,0,
13.333102578472399 (x5)
Limited by: LUT
Clock: 4

31_31_48_128_
[[2, 'bufw']]
27677279 4.025
0,3,6,8,0
0,12,9176,5955,0
0,7.99986154708344,0.01046189391510476,0.016120627802687033,0,
23.999584641250316 (x9)
Limited by: LUT
Clock: 4

31_31_48_128_
[[3, 'bufw']]
110707607 4.966
0,1,4,7,0
0,5,6322,5336,0
0,5.333313726129045,0.004218058941892633,0.004997482876807576,0,
6.666642157661307 (x10)
Limited by: LUT
Clock: 4

31_31_48_128_
[[1, 'bufi']]
27677280 4.025
0,3,6,11,0
0,13,9299,7789,0
0,5.743490133979373,0.008029397972011167,0.009586002277793278,0,
18.66634293543296 (x7)
Limited by: LUT
Clock: 4

31_31_48_128_
[[1, 'bufi'], [2, 'bufw']]
1153702 3.27
0,67,23,28,0
0,243,33003,20219,0
0,1.0530395432793684,0.007753495410019892,0.012655848905330952,0,
63.97215225422162 (x1)
Limited by: DSP48E
Clock: 4

31_31_48_128_
[[1, 'bufi'], [3, 'bufw']]
110707608 4.966
0,1,4,4,0
0,6,6497,3458,0
0,7.111084903939031,0.006567109346411296,0.012338493182080449,0,
10.666627355908547 (x16)
Limited by: LUT
Clock: 4

31_31_48_128_
[]
27677184 5.595
0,3,5,13,0
0,12,7911,9528,0
0,4.444382781138429,0.0067415741845103195,0.005597459422088701,0,
10.666518674732227 (x5)
Limited by: LUT
Clock: 5

31_31_48_128_
[[2, 'bufw']]
27677184 5.595
0,3,6,8,0
0,12,8938,5991,0
0,7.9998890060491705,0.010740508846787877,0.016023813732697387,0,
19.19973361451801 (x9)
Limited by: LUT
Clock: 5

31_31_48_128_
[[3, 'bufw']]
110707511 5.793
0,1,4,7,0
0,5,5723,5094,0
0,5.866650186002285,0.005125502521406854,0.00575839240871838,0,
5.866650186002285 (x11)
Limited by: LUT
Clock: 5

31_31_48_128_
[[1, 'bufi']]
27677184 5.595
0,3,6,11,0
0,13,8725,7795,0
0,5.743510055625046,0.008557665412392617,0.009578656924069992,0,
14.933126144625117 (x7)
Limited by: LUT
Clock: 5

31_31_48_128_
[[1, 'bufi'], [2, 'bufw']]
1153602 4.185
0,67,20,28,0
0,243,28873,20365,0
0,1.053130826021881,0.00886332527701718,0.012566206271707197,0,
51.18215814466341 (x1)
Limited by: DSP48E
Clock: 5

31_31_48_128_
[[1, 'bufi'], [3, 'bufw']]
110707511 5.669
0,1,4,4,0
0,6,5892,3201,0
0,7.555534330457488,0.007694026813093165,0.014162201181738497,0,
9.066641196548986 (x17)
Limited by: LUT
Clock: 5

31_31_48_128_
[[1, 'bufi'], [2, 'bufw']]
2307106 2.131
0,13,22,31,0
0,49,32085,22156,0
0,5.222891044150604,0.007976364692640785,0.011550896423694692,0,
127.96083058168979 (x2)
Limited by: LUT
Clock: 2

31_31_48_128_
[[1, 'bufi'], [2, 'bufw']]
1153803 2.846
0,67,25,29,0
0,243,36271,20492,0
0,1.0529473637704998,0.0070542915661611595,0.012486151151485039,0,
85.28873646541047 (x1)
Limited by: DSP48E
Clock: 3

31_31_48_128_
[[1, 'bufi'], [2, 'bufw']]
1153702 3.27
0,67,23,28,0
0,243,33003,20219,0
0,1.0530395432793684,0.007753495410019892,0.012655848905330952,0,
63.97215225422162 (x1)
Limited by: DSP48E
Clock: 4

31_31_48_128_
[[1, 'bufi'], [2, 'bufw']]
2307106 2.131
0,13,22,31,0
0,49,32085,22156,0
0,5.222891044150604,0.007976364692640785,0.011550896423694692,0,
102.36866446535184 (x2)
Limited by: LUT
Clock: 2

31_31_48_128_
[[1, 'bufi'], [2, 'bufw']]
1153803 2.846
0,67,25,29,0
0,243,36271,20492,0
0,1.0529473637704998,0.0070542915661611595,0.012486151151485039,0,
85.28873646541047 (x1)
Limited by: DSP48E
Clock: 3

31_31_48_128_
[[1, 'bufi'], [2, 'bufw']]
1156215 3.805
0,70,28,39,0
0,252,40728,27830,0
0,1.0132239781569707,0.006269211414642423,0.009174719457260389,0,
85.11081416518553 (x1)
Limited by: DSP48E
Clock: 3

31_31_48_128_
[[1, 'bufi'], [2, 'bufw']]
1155710 4.497
0,70,25,38,0
0,252,36660,27461,0
0,1.0136667173467062,0.006967921788635297,0.009302065211440587,0,
63.86100319284249 (x1)
Limited by: DSP48E
Clock: 4

31_31_48_128_
[[1, 'bufi'], [2, 'bufw']]
1154955 6.197
0,70,22,38,0
0,252,31866,27329,0
0,1.0143293564725568,0.008021433434729315,0.009353104681147657,0,
42.60183297184738 (x1)
Limited by: DSP48E
Clock: 6

31_31_48_128_
[[1, 'bufi'], [2, 'bufw']]
1154460 7.25
0,70,17,37,0
0,252,24259,26809,0
0,1.014764272391215,0.010541267020181629,0.009538610042992508,0,
31.965074580323265 (x1)
Limited by: DSP48E
Clock: 8

