1_1_1_1_
14 8.507
0,1,0,0,0
0,5,567,522,0
0,40.714285714285715,0.35903250188964475,0.3899835796387521,0,
203.57142857142858 (x57)
1_1_1_2_
18 8.507
0,2,0,1,0
0,10,1188,957,0
0,15.555555555555554,0.1309390198279087,0.16254499013119703,0,
155.55555555555554 (x28)
1_1_1_3_
27 8.507
0,2,0,1,0
0,10,1284,1051,0
0,15.555555555555554,0.12114918656974731,0.14800718892060472,0,
155.55555555555554 (x28)
1_1_1_4_
31 8.507
0,2,1,1,0
0,10,1446,1173,0
0,18.064516129032256,0.1249274974345246,0.1540026950471633,0,
180.64516129032256 (x28)
1_1_1_5_
38 8.507
0,2,1,1,0
0,10,1611,1256,0
0,18.421052631578945,0.11434545395145217,0.14666443178008715,0,
184.21052631578945 (x28)
1_1_2_1_
14 8.507
0,2,0,1,0
0,10,986,874,0
0,20.0,0.2028397565922921,0.2288329519450801,0,
200.0 (x28)
1_1_2_2_
18 8.507
0,5,1,2,0
0,20,2058,1661,0
0,7.777777777777777,0.07558578987150415,0.09365174928088835,0,
155.55555555555554 (x14)
1_1_2_3_
27 8.507
0,4,1,2,0
0,15,2055,1587,0
0,14.074074074074074,0.10273046769397134,0.13302527480221243,0,
211.11111111111111 (x19)
1_1_2_4_
31 8.507
0,5,1,2,0
0,20,2700,2093,0
0,9.032258064516128,0.06690561529271206,0.08630920271873987,0,
180.64516129032256 (x14)
1_1_2_5_
38 8.507
0,5,2,3,0
0,20,3025,2232,0
0,9.210526315789473,0.06089604175728577,0.08253159781173362,0,
184.21052631578945 (x14)
1_1_3_1_
14 8.507
0,4,0,1,0
0,15,1405,1226,0
0,13.571428571428571,0.14489069649211997,0.16604521090654858,0,
203.57142857142856 (x19)
1_1_3_2_
18 8.507
0,8,2,3,0
0,30,2928,2365,0
0,5.0,0.05122950819672131,0.06342494714587738,0,
150.0 (x9)
1_1_3_3_
27 8.507
0,6,2,3,0
0,25,3117,2415,0
0,7.333333333333334,0.05881723879798952,0.0759144237405107,0,
183.33333333333334 (x11)
1_1_3_4_
31 8.507
0,8,2,4,0
0,30,3890,3013,0
0,5.806451612903226,0.04477983249025624,0.05781398884404141,0,
174.19354838709677 (x9)
1_1_3_5_
39 8.507
0,6,2,4,0
0,25,4116,2844,0
0,8.46153846153846,0.051394184047245266,0.07438061235529589,0,
211.53846153846152 (x11)
1_1_4_1_
14 8.507
0,5,1,2,0
0,20,1824,1578,0
0,10.0,0.10964912280701754,0.1267427122940431,0,
200.0 (x14)
1_1_4_2_
18 8.507
0,11,2,4,0
0,40,3798,3069,0
0,3.8888888888888884,0.040957228950909835,0.05068607219144853,0,
155.55555555555554 (x7)
1_1_4_3_
27 8.507
0,8,2,4,0
0,30,3824,2951,0
0,6.666666666666667,0.05230125523012552,0.06777363605557438,0,
200.0 (x9)
1_1_4_4_
31 8.507
0,11,3,5,0
0,40,5080,3933,0
0,4.516129032258064,0.035560071120142235,0.04593062834739958,0,
180.64516129032256 (x7)
1_1_4_5_
39 8.507
0,9,3,5,0
0,35,5466,3820,0
0,5.860805860805861,0.03752802874647002,0.05369848301785475,0,
205.12820512820514 (x8)
1_1_5_1_
14 8.507
0,6,1,2,0
0,25,2243,1930,0
0,7.857142857142858,0.08757403987007198,0.10177646188008883,0,
196.42857142857144 (x11)
1_1_5_2_
18 8.507
0,13,3,5,0
0,50,4668,3773,0
0,2.7777777777777777,0.029753403789393507,0.03681126130105722,0,
138.88888888888889 (x5)
1_1_5_3_
27 8.507
0,11,3,5,0
0,40,4886,3779,0
0,4.861111111111112,0.03979624323463865,0.05145394137190909,0,
194.44444444444446 (x7)
1_1_5_4_
31 8.507
0,13,4,6,0
0,50,6270,4853,0
0,3.225806451612903,0.025724134382878013,0.03323517877202661,0,
161.29032258064515 (x5)
1_1_5_5_
39 8.507
0,12,4,6,0
0,45,6816,4796,0
0,4.273504273504273,0.028214156735283498,0.040097517161737345,0,
192.30769230769232 (x6)
1_2_1_1_
14 8.507
0,2,0,1,0
0,10,986,919,0
0,20.0,0.2028397565922921,0.2176278563656148,0,
200.0 (x28)
1_2_1_2_
18 8.507
0,5,1,2,0
0,20,2122,1738,0
0,7.777777777777777,0.07330610535134569,0.08950262114819076,0,
155.55555555555554 (x14)
1_2_1_3_
27 8.507
0,4,1,2,0
0,15,2055,1632,0
0,14.074074074074074,0.10273046769397134,0.12935729847494554,0,
211.11111111111111 (x19)
1_2_1_4_
31 8.507
0,5,1,3,0
0,20,2700,2138,0
0,9.032258064516128,0.06690561529271206,0.08449259181025377,0,
180.64516129032256 (x14)
1_2_1_5_
38 8.507
0,5,2,3,0
0,20,3025,2277,0
0,9.210526315789473,0.06089604175728577,0.08090053856644244,0,
184.21052631578945 (x14)
1_2_2_1_
14 8.507
0,5,1,2,0
0,20,1792,1623,0
0,10.0,0.11160714285714286,0.12322858903265557,0,
200.0 (x14)
1_2_2_2_
18 8.507
0,11,2,4,0
0,40,3798,3146,0
0,3.8888888888888884,0.040957228950909835,0.04944550399095853,0,
155.55555555555554 (x7)
1_2_2_3_
27 8.507
0,8,2,4,0
0,30,3824,2996,0
0,6.666666666666667,0.05230125523012552,0.06675567423230974,0,
200.0 (x9)
1_2_2_4_
31 8.507
0,11,3,5,0
0,40,5080,3978,0
0,4.516129032258064,0.035560071120142235,0.04541105110365072,0,
180.64516129032256 (x7)
1_2_2_5_
39 8.507
0,9,3,5,0
0,35,5466,3895,0
0,5.860805860805861,0.03752802874647002,0.052664494256278595,0,
205.12820512820514 (x8)
1_2_3_1_
14 8.507
0,8,1,3,0
0,30,2598,2327,0
0,6.428571428571428,0.0742329264269218,0.08287801583890968,0,
192.85714285714283 (x9)
1_2_3_2_
18 8.507
0,16,3,6,0
0,60,5474,4554,0
0,2.2222222222222223,0.024357569114602365,0.02927829014785537,0,
133.33333333333334 (x4)
1_2_3_3_
27 8.507
0,12,3,6,0
0,45,5561,4360,0
0,4.444444444444445,0.03596475454055026,0.045871559633027525,0,
200.0 (x6)
1_2_3_4_
31 8.507
0,16,5,8,0
0,60,7396,5818,0
0,2.5806451612903225,0.02093546642474572,0.026613734905022234,0,
154.83870967741936 (x4)
1_2_3_5_
39 8.507
0,13,5,7,0
0,50,7811,5453,0
0,3.846153846153846,0.024620111676826564,0.03526640240375799,0,
192.3076923076923 (x5)
1_2_4_1_
14 8.507
0,11,2,4,0
0,40,3404,3031,0
0,5.0,0.05875440658049354,0.06598482349059716,0,
200.0 (x7)
1_2_4_2_
18 8.507
0,22,5,8,0
0,80,7150,5962,0
0,1.6666666666666665,0.018648018648018645,0.022363860002236384,0,
133.33333333333331 (x3)
1_2_4_3_
27 8.507
0,16,5,8,0
0,60,7298,5724,0
0,2.962962962962963,0.02435979415973935,0.031058311980743845,0,
177.77777777777777 (x4)
1_2_4_4_
31 8.507
0,22,6,10,0
0,80,9712,7658,0
0,1.9354838709677415,0.015943030238614018,0.02021920993437181,0,
154.83870967741933 (x3)
1_2_4_5_
39 8.507
0,19,7,10,0
0,70,10351,7435,0
0,2.9304029304029307,0.019817235545184535,0.02758953666821858,0,
205.12820512820514 (x4)
1_2_5_1_
14 8.507
0,13,2,5,0
0,50,4210,3735,0
0,3.5714285714285716,0.042416016287750255,0.0478102887741442,0,
178.57142857142858 (x5)
1_2_5_2_
18 8.507
0,27,6,10,0
0,100,8826,7370,0
0,1.1111111111111112,0.012589067653649571,0.015076134479119555,0,
111.11111111111111 (x2)
1_2_5_3_
27 8.507
0,20,6,10,0
0,75,9035,7088,0
0,2.2222222222222223,0.018446781036709096,0.023513920240782547,0,
166.66666666666669 (x3)
1_2_5_4_
31 8.507
0,27,8,13,0
0,100,12028,9498,0
0,1.2903225806451613,0.01072765697244065,0.01358520299689578,0,
129.03225806451613 (x2)
1_2_5_5_
39 8.507
0,23,9,12,0
0,85,12760,8993,0
0,2.262443438914027,0.015071135760790935,0.02138415348690007,0,
192.30769230769232 (x3)
1_3_1_1_
19 8.507
0,2,0,1,0
0,10,1057,1028,0
0,22.105263157894736,0.20913210177762287,0.2150317427810772,0,
221.05263157894737 (x28)
1_3_1_2_
23 8.507
0,4,1,2,0
0,15,1958,1615,0
0,16.52173913043478,0.12657103521783541,0.15345268542199486,0,
247.82608695652172 (x19)
1_3_1_3_
27 8.507
0,6,2,3,0
0,25,3156,2505,0
0,7.333333333333334,0.05809040980143642,0.07318695941450433,0,
183.33333333333334 (x11)
1_3_1_4_
32 8.507
0,8,2,4,0
0,30,4090,3103,0
0,5.625,0.04125916870415648,0.0543828553013213,0,
168.75 (x9)
1_3_1_5_
39 8.507
0,6,2,4,0
0,25,4155,2943,0
0,8.46153846153846,0.05091178376376932,0.07187851224548472,0,
211.53846153846152 (x11)
1_3_2_1_
19 8.507
0,4,1,2,0
0,15,1636,1470,0
0,20.0,0.18337408312958436,0.20408163265306123,0,
300.0 (x19)
1_3_2_2_
23 8.507
0,8,2,4,0
0,30,3631,2932,0
0,7.826086956521738,0.06466059176415648,0.0800759238388991,0,
234.78260869565216 (x9)
1_3_2_3_
28 8.507
0,12,4,6,0
0,45,5729,4390,0
0,4.2857142857142865,0.03366331695883101,0.04393101204035146,0,
192.8571428571429 (x6)
1_3_2_4_
32 8.507
0,16,5,8,0
0,60,7724,5848,0
0,2.5,0.019419989642672192,0.025649794801641587,0,
150.0 (x4)
1_3_2_5_
39 8.507
0,13,5,7,0
0,50,7818,5501,0
0,3.846153846153846,0.024598067575811244,0.03495867884160921,0,
192.3076923076923 (x5)
1_3_3_1_
19 8.507
0,6,1,3,0
0,25,2538,2219,0
0,10.421052631578949,0.10265024262784622,0.11740708237470648,0,
260.5263157894737 (x11)
1_3_3_2_
23 8.507
0,12,3,6,0
0,45,5304,4249,0
0,5.217391304347826,0.04426519771788314,0.05525596815619021,0,
234.7826086956522 (x6)
1_3_3_3_
28 8.507
0,19,6,9,0
0,70,8560,6567,0
0,2.7551020408163267,0.02253004005340454,0.0293676173073158,0,
192.85714285714286 (x4)
1_3_3_4_
32 8.507
0,25,8,12,0
0,90,11294,8593,0
0,1.875,0.014941561891269701,0.019638077504945887,0,
168.75 (x3)
1_3_3_5_
39 8.507
0,20,8,11,0
0,75,11385,8059,0
0,2.307692307692308,0.015202189115232596,0.021476228201628377,0,
173.0769230769231 (x3)
1_3_4_1_
19 8.507
0,8,2,3,0
0,30,3053,2661,0
0,9.473684210526317,0.09309221300877481,0.10680590992701597,0,
284.2105263157895 (x9)
1_3_4_2_
23 8.507
0,16,4,7,0
0,60,6977,5566,0
0,3.4782608695652173,0.029911946706881614,0.03749472730397288,0,
208.69565217391303 (x4)
1_3_4_3_
28 8.507
0,25,7,11,0
0,90,11004,8452,0
0,2.1428571428571432,0.01752609440722854,0.02281792982218917,0,
192.8571428571429 (x3)
1_3_4_4_
32 8.507
0,33,10,16,0
0,120,14864,11338,0
0,1.25,0.010091496232508074,0.013229846533780208,0,
150.0 (x2)
1_3_4_5_
39 8.507
0,27,10,15,0
0,100,14952,10617,0
0,1.5384615384615383,0.010289336132032761,0.01449054853971497,0,
153.84615384615384 (x2)
1_3_5_1_
19 8.507
0,11,2,4,0
0,40,3955,3410,0
0,6.907894736842105,0.06986492780624128,0.08103102330606575,0,
276.3157894736842 (x7)
1_3_5_2_
23 8.507
0,20,6,9,0
0,75,8650,6883,0
0,2.6086956521739135,0.022618748429253585,0.028425421169990337,0,
195.6521739130435 (x3)
1_3_5_3_
28 8.507
0,31,9,15,0
0,115,13835,10629,0
0,1.3975155279503106,0.011616500593732253,0.015120358050078627,0,
160.71428571428572 (x2)
1_3_5_4_
32 8.507
0,41,13,19,0
0,150,18434,14083,0
0,0.625,0.005085711185852229,0.006656962294965561,0,
93.75 (x1)
1_3_5_5_
39 8.507
0,34,13,18,0
0,125,18519,13175,0
0,1.5384615384615385,0.010384345391635203,0.014596409283316306,0,
192.30769230769232 (x2)
1_4_1_1_
19 8.507
0,2,0,1,0
0,10,1085,1082,0
0,29.47368421052632,0.27164685908319186,0.2724000389142913,0,
294.7368421052632 (x28)
1_4_1_2_
23 8.507
0,5,1,2,0
0,20,2501,2053,0
0,12.17391304347826,0.09735236340246509,0.11859632774942289,0,
243.4782608695652 (x14)
1_4_1_3_
27 8.507
0,8,2,4,0
0,30,3891,3035,0
0,6.666666666666667,0.05140066820868671,0.06589785831960461,0,
200.0 (x9)
1_4_1_4_
31 8.507
0,11,3,5,0
0,40,5307,4017,0
0,4.516129032258064,0.034039035479616085,0.04497016711235314,0,
180.64516129032256 (x7)
1_4_1_5_
40 8.507
0,9,3,5,0
0,35,5597,3922,0
0,5.714285714285714,0.035733428622476325,0.05099439061703213,0,
200.0 (x8)
1_4_2_1_
19 8.507
0,5,1,2,0
0,20,1987,1876,0
0,14.73684210526316,0.14833258284109874,0.15710919088766695,0,
294.7368421052632 (x14)
1_4_2_2_
23 8.507
0,11,3,5,0
0,40,4689,3799,0
0,6.08695652173913,0.05192541285339415,0.06409009235840095,0,
243.4782608695652 (x7)
1_4_2_3_
27 8.507
0,16,5,8,0
0,60,7365,5733,0
0,2.962962962962963,0.024138191144301123,0.031009554819078626,0,
177.77777777777777 (x4)
1_4_2_4_
31 8.507
0,22,7,10,0
0,80,10003,7667,0
0,1.9354838709677415,0.015479227199582059,0.02019547537203852,0,
154.83870967741933 (x3)
1_4_2_5_
40 8.507
0,19,7,10,0
0,70,10578,7450,0
0,2.857142857142857,0.018907165815844205,0.026845637583892617,0,
200.0 (x4)
1_4_3_1_
19 8.507
0,8,2,3,0
0,30,2889,2670,0
0,9.473684210526317,0.09837678307919331,0.10644589000591366,0,
284.2105263157895 (x9)
1_4_3_2_
23 8.507
0,16,4,7,0
0,60,6877,5545,0
0,3.4782608695652173,0.030346903035322528,0.03763672717293292,0,
208.69565217391303 (x4)
1_4_3_3_
27 8.507
0,25,7,11,0
0,90,10807,8431,0
0,2.2222222222222223,0.018506523549551217,0.023721978412999643,0,
200.0 (x3)
1_4_3_4_
31 8.507
0,33,10,16,0
0,120,14667,11317,0
0,1.2903225806451613,0.010556944820169044,0.013681957203978029,0,
154.83870967741936 (x2)
1_4_3_5_
40 8.507
0,27,10,15,0
0,100,15204,10614,0
0,1.5,0.009865824782951855,0.014132278123233465,0,
150.0 (x2)
1_4_4_1_
19 8.507
0,11,2,4,0
0,40,3791,3464,0
0,7.36842105263158,0.07774646323008788,0.08508569344840161,0,
294.7368421052632 (x7)
1_4_4_2_
23 8.507
0,22,6,10,0
0,80,9065,7291,0
0,2.608695652173913,0.023022134823377057,0.02862373503962598,0,
208.69565217391303 (x3)
1_4_4_3_
27 8.507
0,33,10,15,0
0,120,14249,11129,0
0,1.4814814814814814,0.012476509072761441,0.015974281406934833,0,
177.77777777777777 (x2)
1_4_4_4_
31 8.507
0,44,13,21,0
0,160,19331,14967,0
0,0.6451612903225806,0.005339910322881015,0.006896893596018768,0,
103.2258064516129 (x1)
1_4_4_5_
40 8.507
0,37,14,20,0
0,135,20121,14142,0
0,1.4814814814814814,0.009939863823865613,0.014142271248762552,0,
200.0 (x2)
1_4_5_1_
19 8.507
0,13,3,6,0
0,50,4693,4258,0
0,5.263157894736842,0.05607455673062904,0.061803169266519985,0,
263.1578947368421 (x5)
1_4_5_2_
23 8.507
0,27,7,12,0
0,100,11253,9037,0
0,1.7391304347826086,0.015454815913823947,0.019244554993721463,0,
173.91304347826087 (x2)
1_4_5_3_
27 8.507
0,41,12,19,0
0,150,17691,13827,0
0,0.7407407407407408,0.006280657459222832,0.008035807558480589,0,
111.11111111111111 (x1)
1_4_5_4_
31 8.507
0,55,17,26,0
0,200,23995,18617,0
0,0.6451612903225806,0.005377464391102985,0.006930883497046577,0,
129.03225806451613 (x1)
1_4_5_5_
40 8.507
0,47,17,25,0
0,170,25038,17670,0
0,0.7352941176470589,0.0049924115344676095,0.007074136955291454,0,
125.0 (x1)
1_5_1_1_
24 8.507
0,2,0,1,0
0,10,1121,1184,0
0,29.166666666666664,0.26018435920309246,0.24634009009009006,0,
291.66666666666663 (x28)
1_5_1_2_
28 8.507
0,5,1,3,0
0,20,2696,2196,0
0,12.5,0.09272997032640949,0.11384335154826958,0,
250.0 (x14)
1_5_1_3_
32 8.507
0,6,2,4,0
0,25,3891,2888,0
0,10.3125,0.06625867386276021,0.08927025623268699,0,
257.8125 (x11)
1_5_1_4_
36 8.507
0,9,3,5,0
0,35,5402,3938,0
0,6.34920634920635,0.041137027438397304,0.05643022402798939,0,
222.22222222222223 (x8)
1_5_1_5_
40 8.507
0,12,4,7,0
0,45,6919,4949,0
0,4.166666666666667,0.027099291805174158,0.03788644170539503,0,
187.5 (x6)
1_5_2_1_
24 8.507
0,5,1,2,0
0,20,2055,1990,0
0,14.583333333333332,0.1419302514193025,0.14656616415410384,0,
291.66666666666663 (x14)
1_5_2_2_
28 8.507
0,9,3,5,0
0,35,4785,3691,0
0,8.16326530612245,0.059710404537990744,0.077408367844564,0,
285.7142857142857 (x8)
1_5_2_3_
32 8.507
0,13,5,7,0
0,50,7298,5349,0
0,4.6875,0.03211496300356262,0.04381660123387549,0,
234.375 (x5)
1_5_2_4_
36 8.507
0,19,7,10,0
0,70,10223,7419,0
0,3.174603174603175,0.02173747649635354,0.029953123361938568,0,
222.22222222222223 (x4)
1_5_2_5_
40 8.507
0,23,9,12,0
0,85,12895,9092,0
0,2.2058823529411766,0.014540519581233036,0.020622525296964365,0,
187.5 (x3)
1_5_3_1_
24 8.507
0,6,1,3,0
0,25,2762,2453,0
0,13.75,0.12445691527878348,0.14013452914798205,0,
343.75 (x11)
1_5_3_2_
28 8.507
0,13,4,7,0
0,50,6810,5156,0
0,5.357142857142857,0.03933291378225299,0.05195057076360412,0,
267.85714285714283 (x5)
1_5_3_3_
32 8.507
0,20,7,11,0
0,75,10673,7810,0
0,2.8125,0.01976365595427715,0.027008642765685018,0,
210.9375 (x3)
1_5_3_4_
36 8.507
0,27,10,14,0
0,100,14753,10536,0
0,1.6666666666666665,0.01129713730540681,0.015818780055682106,0,
166.66666666666666 (x2)
1_5_3_5_
40 8.507
0,34,13,18,0
0,125,18679,13217,0
0,1.5,0.010038010600139194,0.014186275251569947,0,
187.5 (x2)
1_5_4_1_
24 8.507
0,9,2,4,0
0,35,3728,3265,0
0,9.523809523809524,0.08941344778254649,0.10209290454313424,0,
333.3333333333333 (x8)
1_5_4_2_
28 8.507
0,19,6,9,0
0,70,9190,6985,0
0,4.081632653061225,0.0310896937665164,0.04090397791185193,0,
285.7142857142857 (x4)
1_5_4_3_
32 8.507
0,27,9,14,0
0,100,14048,10271,0
0,1.875,0.013347095671981777,0.018255281861551943,0,
187.5 (x2)
1_5_4_4_
36 8.507
0,37,13,19,0
0,135,19542,14017,0
0,1.646090534979424,0.011371518893778642,0.015853764872813172,0,
222.22222222222223 (x2)
1_5_4_5_
40 8.507
0,47,17,25,0
0,170,24850,17706,0
0,0.7352941176470589,0.005030181086519115,0.0070597537557889984,0,
125.0 (x1)
1_5_5_1_
24 8.507
0,12,3,5,0
0,45,4694,4077,0
0,6.944444444444445,0.06657435023434172,0.0766494971792985,0,
312.5 (x6)
1_5_5_2_
28 8.507
0,23,7,11,0
0,85,11215,8450,0
0,3.151260504201681,0.023883829055474176,0.031699070160608626,0,
267.8571428571429 (x3)
1_5_5_3_
32 8.507
0,34,12,18,0
0,125,17423,12732,0
0,1.875,0.013452046145899099,0.018408341187558908,0,
234.375 (x2)
1_5_5_4_
36 8.507
0,47,17,24,0
0,170,24331,17498,0
0,0.8169934640522876,0.005708309929262623,0.007937415069658754,0,
138.88888888888889 (x1)
1_5_5_5_
40 8.507
0,58,21,30,0
0,210,30634,21831,0
0,0.7440476190476191,0.005100541881569498,0.00715725344693326,0,
156.25 (x1)
2_1_1_1_
14 8.507
0,2,0,1,0
0,10,989,909,0
0,20.0,0.20222446916076844,0.22002200220022003,0,
200.0 (x28)
2_1_1_2_
18 8.507
0,5,1,2,0
0,20,2125,1728,0
0,7.777777777777777,0.07320261437908496,0.09002057613168724,0,
155.55555555555554 (x14)
2_1_1_3_
27 8.507
0,4,1,2,0
0,15,2055,1613,0
0,14.074074074074074,0.10273046769397134,0.1308810360267273,0,
211.11111111111111 (x19)
2_1_1_4_
31 8.507
0,5,1,3,0
0,20,2700,2119,0
0,9.032258064516128,0.06690561529271206,0.08525019409642405,0,
180.64516129032256 (x14)
2_1_1_5_
38 8.507
0,5,2,3,0
0,20,3025,2258,0
0,9.210526315789473,0.06089604175728577,0.08158127826208568,0,
184.21052631578945 (x14)
2_1_2_1_
14 8.507
0,5,1,2,0
0,20,1795,1613,0
0,10.0,0.11142061281337047,0.12399256044637322,0,
200.0 (x14)
2_1_2_2_
18 8.507
0,11,2,4,0
0,40,3801,3136,0
0,3.8888888888888884,0.04092490280335584,0.0496031746031746,0,
155.55555555555554 (x7)
2_1_2_3_
27 8.507
0,8,2,4,0
0,30,3824,2977,0
0,6.666666666666667,0.05230125523012552,0.06718172657037286,0,
200.0 (x9)
2_1_2_4_
31 8.507
0,11,3,5,0
0,40,5080,3959,0
0,4.516129032258064,0.035560071120142235,0.045628987443880414,0,
180.64516129032256 (x7)
2_1_2_5_
39 8.507
0,9,3,5,0
0,35,5466,3876,0
0,5.860805860805861,0.03752802874647002,0.052922653541848594,0,
205.12820512820514 (x8)
2_1_3_1_
14 8.507
0,8,1,3,0
0,30,2601,2317,0
0,6.428571428571428,0.07414730598121601,0.08323571120291015,0,
192.85714285714283 (x9)
2_1_3_2_
18 8.507
0,16,3,6,0
0,60,5477,4544,0
0,2.2222222222222223,0.024344227375083686,0.02934272300469484,0,
133.33333333333334 (x4)
2_1_3_3_
27 8.507
0,12,3,6,0
0,45,5561,4341,0
0,4.444444444444445,0.03596475454055026,0.046072333563695,0,
200.0 (x6)
2_1_3_4_
31 8.507
0,16,5,8,0
0,60,7396,5799,0
0,2.5806451612903225,0.02093546642474572,0.026700932863841932,0,
154.83870967741936 (x4)
2_1_3_5_
39 8.507
0,13,5,7,0
0,50,7811,5434,0
0,3.846153846153846,0.024620111676826564,0.035389711503071825,0,
192.3076923076923 (x5)
2_1_4_1_
14 8.507
0,11,2,4,0
0,40,3407,3021,0
0,5.0,0.0587026709715292,0.066203243958954,0,
200.0 (x7)
2_1_4_2_
18 8.507
0,22,5,8,0
0,80,7153,5952,0
0,1.6666666666666665,0.01864019758609441,0.02240143369175627,0,
133.33333333333331 (x3)
2_1_4_3_
27 8.507
0,16,5,8,0
0,60,7298,5705,0
0,2.962962962962963,0.02435979415973935,0.031161748953159995,0,
177.77777777777777 (x4)
2_1_4_4_
31 8.507
0,22,6,10,0
0,80,9712,7639,0
0,1.9354838709677415,0.015943030238614018,0.020269499892318278,0,
154.83870967741933 (x3)
2_1_4_5_
39 8.507
0,19,7,10,0
0,70,10351,7416,0
0,2.9304029304029307,0.019817235545184535,0.02766022183497912,0,
205.12820512820514 (x4)
2_1_5_1_
14 8.507
0,13,2,5,0
0,50,4213,3725,0
0,3.5714285714285716,0.042385812620799566,0.04793863854266539,0,
178.57142857142858 (x5)
2_1_5_2_
18 8.507
0,27,6,10,0
0,100,8829,7360,0
0,1.1111111111111112,0.01258479002277847,0.015096618357487924,0,
111.11111111111111 (x2)
2_1_5_3_
27 8.507
0,20,6,10,0
0,75,9035,7069,0
0,2.2222222222222223,0.018446781036709096,0.023577120762012547,0,
166.66666666666669 (x3)
2_1_5_4_
31 8.507
0,27,8,13,0
0,100,12028,9479,0
0,1.2903225806451613,0.01072765697244065,0.01361243359684736,0,
129.03225806451613 (x2)
2_1_5_5_
39 8.507
0,23,9,12,0
0,85,12760,8974,0
0,2.262443438914027,0.015071135760790935,0.02142942860571566,0,
192.30769230769232 (x3)
2_2_1_1_
19 8.507
0,2,0,1,0
0,10,1094,1148,0
0,29.47368421052632,0.26941210430097184,0.2567394094993582,0,
294.7368421052632 (x28)
2_2_1_2_
23 8.507
0,5,1,3,0
0,20,2510,2119,0
0,12.17391304347826,0.0970032911830937,0.1149024355212672,0,
243.4782608695652 (x14)
2_2_1_3_
27 8.507
0,8,2,4,0
0,30,3932,3101,0
0,6.666666666666667,0.0508646998982706,0.06449532408900355,0,
200.0 (x9)
2_2_1_4_
31 8.507
0,11,3,5,0
0,40,5316,4083,0
0,4.516129032258064,0.033981407315711545,0.04424324302971407,0,
180.64516129032256 (x7)
2_2_1_5_
40 8.507
0,9,3,5,0
0,35,5638,3988,0
0,5.714285714285714,0.0354735721887194,0.05015045135406219,0,
200.0 (x8)
2_2_2_1_
19 8.507
0,5,1,2,0
0,20,1996,1942,0
0,14.73684210526316,0.14766374854973105,0.15176974361754025,0,
294.7368421052632 (x14)
2_2_2_2_
23 8.507
0,11,3,5,0
0,40,4698,3865,0
0,6.08695652173913,0.05182593888241064,0.06299566904775296,0,
243.4782608695652 (x7)
2_2_2_3_
27 8.507
0,16,5,8,0
0,60,7406,5799,0
0,2.962962962962963,0.024004560866564648,0.030656626621448142,0,
177.77777777777777 (x4)
2_2_2_4_
31 8.507
0,22,7,10,0
0,80,10012,7733,0
0,1.9354838709677415,0.015465312592630776,0.020023110006132074,0,
154.83870967741933 (x3)
2_2_2_5_
40 8.507
0,19,7,10,0
0,70,10619,7516,0
0,2.857142857142857,0.01883416517562859,0.026609898882384245,0,
200.0 (x4)
2_2_3_1_
19 8.507
0,8,2,3,0
0,30,2898,2736,0
0,9.473684210526317,0.09807126511932004,0.10387811634349031,0,
284.2105263157895 (x9)
2_2_3_2_
23 8.507
0,16,4,7,0
0,60,6886,5611,0
0,3.4782608695652173,0.03030723964186945,0.03719402106111443,0,
208.69565217391303 (x4)
2_2_3_3_
27 8.507
0,25,7,12,0
0,90,10848,8497,0
0,2.2222222222222223,0.018436578171091445,0.023537719195010003,0,
200.0 (x3)
2_2_3_4_
31 8.507
0,33,10,16,0
0,120,14676,11383,0
0,1.2903225806451613,0.01055047081476011,0.013602627574226422,0,
154.83870967741936 (x2)
2_2_3_5_
40 8.507
0,27,10,15,0
0,100,15245,10680,0
0,1.5,0.009839291571006888,0.014044943820224719,0,
150.0 (x2)
2_2_4_1_
19 8.507
0,11,2,5,0
0,40,3800,3530,0
0,7.36842105263158,0.0775623268698061,0.08349485612047115,0,
294.7368421052632 (x7)
2_2_4_2_
23 8.507
0,22,6,10,0
0,80,9074,7357,0
0,2.608695652173913,0.02299930043794501,0.028366950139175347,0,
208.69565217391303 (x3)
2_2_4_3_
27 8.507
0,33,10,15,0
0,120,14290,11195,0
0,1.4814814814814814,0.012440712230775211,0.015880105205696986,0,
177.77777777777777 (x2)
2_2_4_4_
31 8.507
0,44,13,21,0
0,160,19340,15033,0
0,0.6451612903225806,0.005337425359442239,0.006866613879572467,0,
103.2258064516129 (x1)
2_2_4_5_
40 8.507
0,37,14,20,0
0,135,20162,14208,0
0,1.4814814814814814,0.009919650828290844,0.014076576576576577,0,
200.0 (x2)
2_2_5_1_
19 8.507
0,13,3,6,0
0,50,4702,4324,0
0,5.263157894736842,0.05596722559269291,0.060859827644968105,0,
263.1578947368421 (x5)
2_2_5_2_
23 8.507
0,27,7,12,0
0,100,11262,9103,0
0,1.7391304347826086,0.01544246523515014,0.019105025099226725,0,
173.91304347826087 (x2)
2_2_5_3_
27 8.507
0,41,12,19,0
0,150,17732,13893,0
0,0.7407407407407408,0.006266135298393363,0.007997632700720587,0,
111.11111111111111 (x1)
2_2_5_4_
31 8.507
0,55,17,26,0
0,200,24004,18683,0
0,0.6451612903225806,0.00537544817799184,0.006906399296928552,0,
129.03225806451613 (x1)
2_2_5_5_
40 8.507
0,47,17,25,0
0,170,25079,17736,0
0,0.7352941176470589,0.004984249770724511,0.007047812359043753,0,
125.0 (x1)
2_3_1_1_
24 8.507
0,2,0,1,0
0,10,1160,1244,0
0,35.0,0.3017241379310345,0.28135048231511256,0,
350.0 (x28)
2_3_1_2_
28 8.507
0,5,2,3,0
0,20,2895,2315,0
0,15.0,0.10362694300518134,0.12958963282937366,0,
300.0 (x14)
2_3_1_3_
32 8.507
0,8,3,4,0
0,30,4573,3421,0
0,8.4375,0.05535206647714848,0.07399152294650686,0,
253.125 (x9)
2_3_1_4_
36 8.507
0,11,4,6,0
0,40,6276,4515,0
0,5.833333333333334,0.03717867006585936,0.0516795865633075,0,
233.33333333333334 (x7)
2_3_1_5_
40 8.507
0,13,5,7,0
0,50,7985,5612,0
0,3.75,0.023481527864746398,0.03341054882394868,0,
187.5 (x5)
2_3_2_1_
24 8.507
0,5,1,2,0
0,20,2126,2062,0
0,17.5,0.16462841015992474,0.1697381183317168,0,
350.0 (x14)
2_3_2_2_
28 8.507
0,11,3,5,0
0,40,5403,4185,0
0,7.5,0.0555247084952804,0.07168458781362007,0,
300.0 (x7)
2_3_2_3_
32 8.507
0,16,6,9,0
0,60,8623,6367,0
0,3.75,0.02609300707410414,0.035338463954766766,0,
225.0 (x4)
2_3_2_4_
36 8.507
0,22,8,12,0
0,80,11868,8525,0
0,2.5,0.016852039096730706,0.02346041055718475,0,
200.0 (x3)
2_3_2_5_
40 8.507
0,27,10,15,0
0,100,15087,10698,0
0,1.5,0.00994233446013124,0.014021312394840156,0,
150.0 (x2)
2_3_3_1_
24 8.507
0,8,2,4,0
0,30,3092,2880,0
0,11.25,0.10915265200517464,0.1171875,0,
337.5 (x9)
2_3_3_2_
28 8.507
0,16,5,8,0
0,60,7911,6055,0
0,4.2857142857142865,0.03250446936453763,0.042467854193700603,0,
257.14285714285717 (x4)
2_3_3_3_
32 8.507
0,25,8,13,0
0,90,12641,9313,0
0,2.8125,0.0200241278379875,0.027179748738322775,0,
253.125 (x3)
2_3_3_4_
36 8.507
0,33,12,17,0
0,120,17396,12535,0
0,1.6666666666666667,0.011496895838123706,0.015955325089748704,0,
200.0 (x2)
2_3_3_5_
40 8.507
0,41,15,22,0
0,150,22125,15784,0
0,0.75,0.005084745762711864,0.007127470856563609,0,
112.5 (x1)
2_3_4_1_
24 8.507
0,11,2,5,0
0,40,4058,3698,0
0,8.75,0.08624938393297191,0.09464575446187128,0,
350.0 (x7)
2_3_4_2_
28 8.507
0,22,7,11,0
0,80,10419,7925,0
0,3.214285714285714,0.024680185924067292,0.03244704821991888,0,
257.1428571428571 (x3)
2_3_4_3_
32 8.507
0,33,11,17,0
0,120,16659,12259,0
0,1.875,0.01350621285791464,0.01835386246839057,0,
225.0 (x2)
2_3_4_4_
36 8.507
0,44,16,23,0
0,160,22924,16545,0
0,0.8333333333333334,0.00581632059559123,0.00805882945502166,0,
133.33333333333334 (x1)
2_3_4_5_
40 8.507
0,55,20,29,0
0,200,29163,20870,0
0,0.75,0.005143503754757741,0.007187350263536177,0,
150.0 (x1)
2_3_5_1_
24 8.507
0,13,3,6,0
0,50,5024,4516,0
0,6.25,0.062201433121019105,0.06919840566873339,0,
312.5 (x5)
2_3_5_2_
28 8.507
0,27,9,13,0
0,100,12927,9795,0
0,2.142857142857143,0.016576600470775454,0.021877050973528767,0,
214.28571428571428 (x2)
2_3_5_3_
32 8.507
0,41,14,21,0
0,150,20677,15205,0
0,0.9375,0.006801034966387774,0.009248602433410063,0,
140.625 (x1)
2_3_5_4_
36 8.507
0,55,20,29,0
0,200,28452,20555,0
0,0.8333333333333333,0.0058578190168236555,0.008108327252087894,0,
166.66666666666666 (x1)
2_3_5_5_
40 8.507
0,69,25,36,0
0,250,36201,25956,0
0,0.75,0.0051794149332891355,0.0072237632917244565,0,
187.5 (x1)
2_4_1_1_
29 8.507
0,2,0,1,0
0,10,1216,1237,0
0,38.62068965517241,0.3176043557168784,0.31221252752766704,0,
386.2068965517241 (x28)
2_4_1_2_
33 8.507
0,5,2,3,0
0,20,3015,2152,0
0,16.96969696969697,0.112568470777426,0.15771093838008335,0,
339.3939393939394 (x14)
2_4_1_3_
37 8.507
0,8,3,4,0
0,30,4980,3358,0
0,9.729729729729732,0.05861282969716705,0.08692432754374388,0,
291.89189189189193 (x9)
2_4_1_4_
41 8.507
0,11,4,6,0
0,40,6939,4564,0
0,6.829268292682928,0.0393674494462195,0.05985335926978902,0,
273.1707317073171 (x7)
2_4_1_5_
45 8.507
0,13,6,8,0
0,50,8904,5767,0
0,4.444444444444445,0.02495757212738345,0.03853341810685317,0,
222.22222222222223 (x5)
2_4_2_1_
29 8.507
0,5,1,2,0
0,20,2246,2079,0
0,19.310344827586206,0.171953204163724,0.1857657030070823,0,
386.2068965517241 (x14)
2_4_2_2_
33 8.507
0,11,3,5,0
0,40,5587,3890,0
0,8.484848484848484,0.06074708061463028,0.08724779933006153,0,
339.3939393939394 (x7)
2_4_2_3_
37 8.507
0,16,6,8,0
0,60,9350,6272,0
0,4.324324324324325,0.02774967480849834,0.04136789851075566,0,
259.4594594594595 (x4)
2_4_2_4_
41 8.507
0,22,9,12,0
0,80,13107,8672,0
0,2.926829268292683,0.017864220757108005,0.027000270002700024,0,
234.14634146341461 (x3)
2_4_2_5_
45 8.507
0,27,11,15,0
0,100,16870,11045,0
0,1.7777777777777777,0.010538101824408877,0.016095769830491425,0,
177.77777777777777 (x2)
2_4_3_1_
29 8.507
0,8,2,4,0
0,30,3276,2921,0
0,12.413793103448276,0.1136794240242516,0.12749530746437804,0,
372.41379310344826 (x9)
2_4_3_2_
33 8.507
0,16,5,7,0
0,60,8159,5628,0
0,4.848484848484849,0.03565499337039967,0.051689603928409905,0,
290.90909090909093 (x4)
2_4_3_3_
37 8.507
0,25,9,13,0
0,90,13688,9186,0
0,3.243243243243243,0.021324656041196075,0.031775733931187884,0,
291.8918918918919 (x3)
2_4_3_4_
41 8.507
0,33,13,18,0
0,120,19211,12780,0
0,1.9512195121951221,0.012188139163157287,0.018321309973663116,0,
234.14634146341464 (x2)
2_4_3_5_
45 8.507
0,41,17,23,0
0,150,24676,16359,0
0,0.888888888888889,0.0054033608904738755,0.008150457444424069,0,
133.33333333333334 (x1)
2_4_4_1_
30 8.286
0,11,3,5,0
0,40,4563,3763,0
0,9.333333333333334,0.08181751771495362,0.099211621932855,0,
373.33333333333337 (x7)
2_4_4_2_
34 8.286
0,22,7,10,0
0,80,10988,7366,0
0,3.5294117647058827,0.025696481723377376,0.03833192250563,0,
282.3529411764706 (x3)
2_4_4_3_
38 8.286
0,33,12,17,0
0,120,18283,12100,0
0,2.1052631578947367,0.013817840559392244,0.020878642888212267,0,
252.6315789473684 (x2)
2_4_4_4_
42 8.286
0,44,18,23,0
0,160,25572,16786,0
0,0.9523809523809523,0.0059588984976127165,0.009077859667636863,0,
152.38095238095238 (x1)
2_4_4_5_
46 8.286
0,55,23,30,0
0,200,32803,21649,0
0,0.8695652173913043,0.005301742019884184,0.008033306087036856,0,
173.91304347826087 (x1)
2_4_5_1_
30 8.286
0,13,4,6,0
0,50,5657,4605,0
0,6.666666666666668,0.05892404690354134,0.07238508867173363,0,
333.33333333333337 (x5)
2_4_5_2_
34 8.286
0,27,9,12,0
0,100,13624,9104,0
0,2.3529411764705883,0.017270560602397154,0.02584513594541507,0,
235.2941176470588 (x2)
2_4_5_3_
38 8.286
0,41,16,21,0
0,150,22653,15128,0
0,1.0526315789473684,0.006970146860994361,0.010437251245511982,0,
157.89473684210526 (x1)
2_4_5_4_
42 8.286
0,55,22,29,0
0,200,31740,20864,0
0,0.9523809523809524,0.006001140216641162,0.009129418638621092,0,
190.47619047619048 (x1)
2_4_5_5_
46 8.286
0,69,28,38,0
0,250,40801,26999,0
0,0.8695652173913043,0.005328087653435605,0.008051828006512319,0,
217.3913043478261 (x1)
2_5_1_1_
34 9.513
0,2,0,2,0
0,10,1289,1432,0
0,41.17647058823529,0.31944507826404417,0.2875451856720342,0,
411.7647058823529 (x28)
2_5_1_2_
38 9.513
0,5,2,3,0
0,20,3024,2398,0
0,18.421052631578945,0.12183235867446392,0.15363680259865675,0,
368.4210526315789 (x14)
2_5_1_3_
42 9.513
0,8,3,5,0
0,30,5117,3576,0
0,10.714285714285715,0.06281582400402022,0.08988494726749761,0,
321.42857142857144 (x9)
2_5_1_4_
46 9.513
0,11,5,7,0
0,40,7459,5034,0
0,7.608695652173912,0.040802765261691444,0.06045844777253804,0,
304.3478260869565 (x7)
2_5_1_5_
50 9.513
0,13,6,8,0
0,50,9712,6325,0
0,5.0,0.025741350906095552,0.039525691699604744,0,
250.0 (x5)
2_5_2_1_
34 9.513
0,5,1,3,0
0,20,2383,2298,0
0,20.588235294117645,0.17279257485621188,0.17918394511851737,0,
411.7647058823529 (x14)
2_5_2_2_
38 9.513
0,11,3,5,0
0,40,5532,4211,0
0,9.210526315789473,0.06659816569623625,0.08749015735729729,0,
368.4210526315789 (x7)
2_5_2_3_
42 9.513
0,16,6,9,0
0,60,9551,6537,0
0,4.761904761904762,0.02991459383460221,0.04370724884722131,0,
285.7142857142857 (x4)
2_5_2_4_
46 9.513
0,22,9,13,0
0,80,14075,9441,0
0,3.2608695652173916,0.01853424974901537,0.027631560768710022,0,
260.8695652173913 (x3)
2_5_2_5_
50 9.513
0,27,13,17,0
0,100,18350,12044,0
0,2.0,0.010899182561307902,0.016605778811026237,0,
200.0 (x2)
2_5_3_1_
34 9.513
0,8,2,4,0
0,30,3477,3164,0
0,13.23529411764706,0.11419580774501345,0.12549267494608463,0,
397.05882352941177 (x9)
2_5_3_2_
38 9.513
0,16,5,8,0
0,60,8040,6024,0
0,5.263157894736842,0.03927729772191673,0.05242189138184106,0,
315.7894736842105 (x4)
2_5_3_3_
42 9.513
0,25,9,13,0
0,90,14017,9705,0
0,3.5714285714285716,0.022931338476747623,0.03311989401633915,0,
321.42857142857144 (x3)
2_5_3_4_
46 9.513
0,33,14,19,0
0,120,20627,13851,0
0,2.1739130434782608,0.012646994968603836,0.018833987814409883,0,
260.8695652173913 (x2)
2_5_3_5_
50 9.513
0,41,19,25,0
0,150,26956,17766,0
0,1.0,0.005564623831428995,0.008443093549476529,0,
150.0 (x1)
2_5_4_1_
35 9.513
0,11,3,5,0
0,40,4827,4030,0
0,10.0,0.08286720530350114,0.09925558312655088,0,
400.0 (x7)
2_5_4_2_
39 9.513
0,22,7,11,0
0,80,10804,7897,0
0,3.8461538461538467,0.02847948053427506,0.03896318952669466,0,
307.69230769230774 (x3)
2_5_4_3_
43 9.513
0,33,13,18,0
0,120,18739,12707,0
0,2.325581395348837,0.014892457838831339,0.021961892456272957,0,
279.06976744186045 (x2)
2_5_4_4_
47 9.513
0,44,19,25,0
0,160,27404,18153,0
0,1.0638297872340425,0.006211237992900555,0.009376563981570364,0,
170.2127659574468 (x1)
2_5_4_5_
51 9.513
0,55,25,33,0
0,200,35754,23428,0
0,0.9803921568627452,0.00548409776172034,0.008369405470912968,0,
196.07843137254903 (x1)
2_5_5_1_
35 9.513
0,13,4,6,0
0,50,5985,4896,0
0,7.142857142857143,0.05967299200381908,0.07294584500466854,0,
357.14285714285717 (x5)
2_5_5_2_
39 9.513
0,27,9,13,0
0,100,13376,9725,0
0,2.564102564102564,0.019169427064163906,0.026366093204139476,0,
256.4102564102564 (x2)
2_5_5_3_
43 9.513
0,41,16,22,0
0,150,23237,15739,0
0,1.1627906976744184,0.0075060724125817786,0.011081936886153046,0,
174.41860465116278 (x1)
2_5_5_4_
47 9.513
0,55,24,31,0
0,200,34020,22485,0
0,1.0638297872340425,0.006254143369982613,0.009462573157518724,0,
212.7659574468085 (x1)
2_5_5_5_
51 9.513
0,69,31,41,0
0,250,44392,29120,0
0,0.9803921568627451,0.005521220923042131,0.008416828269769446,0,
245.09803921568627 (x1)
3_1_1_1_
19 8.507
0,2,0,1,0
0,10,1053,1031,0
0,22.105263157894736,0.2099265257159994,0.21440604420848436,0,
221.05263157894737 (x28)
3_1_1_2_
23 8.507
0,4,1,2,0
0,15,1954,1618,0
0,16.52173913043478,0.12683013662053313,0.1531681625194819,0,
247.82608695652172 (x19)
3_1_1_3_
27 8.507
0,6,2,3,0
0,25,3152,2508,0
0,7.333333333333334,0.05816412859560068,0.07309941520467837,0,
183.33333333333334 (x11)
3_1_1_4_
32 8.507
0,8,2,4,0
0,30,4086,3106,0
0,5.625,0.04129955947136564,0.05433032839665164,0,
168.75 (x9)
3_1_1_5_
39 8.507
0,6,2,4,0
0,25,4151,2946,0
0,8.46153846153846,0.05096084354094472,0.07180531620450153,0,
211.53846153846152 (x11)
3_1_2_1_
19 8.507
0,4,1,2,0
0,15,1632,1473,0
0,20.0,0.18382352941176472,0.20366598778004075,0,
300.0 (x19)
3_1_2_2_
23 8.507
0,8,2,4,0
0,30,3627,2935,0
0,7.826086956521738,0.0647319020390549,0.07999407451299903,0,
234.78260869565216 (x9)
3_1_2_3_
28 8.507
0,12,4,6,0
0,45,5725,4393,0
0,4.2857142857142865,0.03368683718028697,0.043901011349224424,0,
192.8571428571429 (x6)
3_1_2_4_
32 8.507
0,16,5,8,0
0,60,7720,5851,0
0,2.5,0.019430051813471502,0.025636643308836096,0,
150.0 (x4)
3_1_2_5_
39 8.507
0,13,5,7,0
0,50,7814,5504,0
0,3.846153846153846,0.024610659368785807,0.03493962432915921,0,
192.3076923076923 (x5)
3_1_3_1_
19 8.507
0,6,1,3,0
0,25,2534,2222,0
0,10.421052631578949,0.10281227931707723,0.11724856696195936,0,
260.5263157894737 (x11)
3_1_3_2_
23 8.507
0,12,3,6,0
0,45,5300,4252,0
0,5.217391304347826,0.044298605414273995,0.0552169822896642,0,
234.7826086956522 (x6)
3_1_3_3_
28 8.507
0,19,6,9,0
0,70,8556,6570,0
0,2.7551020408163267,0.022540573031456623,0.02935420743639922,0,
192.85714285714286 (x4)
3_1_3_4_
32 8.507
0,25,8,12,0
0,90,11290,8596,0
0,1.875,0.014946855624446413,0.0196312238250349,0,
168.75 (x3)
3_1_3_5_
39 8.507
0,20,8,11,0
0,75,11381,8062,0
0,2.307692307692308,0.015207532121687295,0.021468236551342484,0,
173.0769230769231 (x3)
3_1_4_1_
19 8.507
0,8,2,3,0
0,30,3049,2664,0
0,9.473684210526317,0.09321434119901262,0.10668563300142248,0,
284.2105263157895 (x9)
3_1_4_2_
23 8.507
0,16,4,7,0
0,60,6973,5569,0
0,3.4782608695652173,0.02992910543150911,0.037474529031049204,0,
208.69565217391303 (x4)
3_1_4_3_
28 8.507
0,25,7,11,0
0,90,11000,8455,0
0,2.1428571428571432,0.017532467532467535,0.022809833572695788,0,
192.8571428571429 (x3)
3_1_4_4_
32 8.507
0,33,10,16,0
0,120,14860,11341,0
0,1.25,0.010094212651413189,0.013226346882990918,0,
150.0 (x2)
3_1_4_5_
39 8.507
0,27,10,15,0
0,100,14948,10620,0
0,1.5384615384615383,0.010292089500010291,0.014486455164421265,0,
153.84615384615384 (x2)
3_1_5_1_
19 8.507
0,11,2,4,0
0,40,3951,3413,0
0,6.907894736842105,0.06993565919354194,0.08095979767761038,0,
276.3157894736842 (x7)
3_1_5_2_
23 8.507
0,20,6,9,0
0,75,8646,6886,0
0,2.6086956521739135,0.022629212805117222,0.028413037164252614,0,
195.6521739130435 (x3)
3_1_5_3_
28 8.507
0,31,9,15,0
0,115,13831,10632,0
0,1.3975155279503106,0.011619860148527636,0.015116091583360207,0,
160.71428571428572 (x2)
3_1_5_4_
32 8.507
0,41,13,19,0
0,150,18430,14086,0
0,0.625,0.005086814975583288,0.006655544512281698,0,
93.75 (x1)
3_1_5_5_
39 8.507
0,34,13,18,0
0,125,18515,13178,0
0,1.5384615384615385,0.010386588836494319,0.014593086379396897,0,
192.30769230769232 (x2)
3_2_1_1_
24 8.507
0,2,0,1,0
0,10,1167,1270,0
0,35.0,0.29991431019708653,0.2755905511811024,0,
350.0 (x28)
3_2_1_2_
28 8.507
0,5,2,3,0
0,20,2902,2341,0
0,15.0,0.10337698139214335,0.12815036309269542,0,
300.0 (x14)
3_2_1_3_
32 8.507
0,8,3,4,0
0,30,4548,3435,0
0,8.4375,0.055656332453825855,0.07368995633187773,0,
253.125 (x9)
3_2_1_4_
36 8.507
0,11,4,6,0
0,40,6283,4541,0
0,5.833333333333334,0.03713724866040639,0.051383689348895256,0,
233.33333333333334 (x7)
3_2_1_5_
40 8.507
0,13,5,7,0
0,50,7960,5638,0
0,3.75,0.02355527638190955,0.03325647392692444,0,
187.5 (x5)
3_2_2_1_
24 8.507
0,5,1,2,0
0,20,2133,2088,0
0,17.5,0.16408813877168307,0.16762452107279693,0,
350.0 (x14)
3_2_2_2_
28 8.507
0,11,3,5,0
0,40,5410,4211,0
0,7.5,0.05545286506469501,0.07124198527665637,0,
300.0 (x7)
3_2_2_3_
32 8.507
0,16,6,9,0
0,60,8598,6369,0
0,3.75,0.026168876482903,0.03532736693358455,0,
225.0 (x4)
3_2_2_4_
36 8.507
0,22,8,12,0
0,80,11875,8551,0
0,2.5,0.016842105263157894,0.02338907730090048,0,
200.0 (x3)
3_2_2_5_
40 8.507
0,27,10,15,0
0,100,15062,10724,0
0,1.5,0.009958836807860841,0.013987318164863857,0,
150.0 (x2)
3_2_3_1_
24 8.507
0,8,2,4,0
0,30,3099,2906,0
0,11.25,0.10890609874152953,0.11613902271163111,0,
337.5 (x9)
3_2_3_2_
28 8.507
0,16,5,8,0
0,60,7918,6081,0
0,4.2857142857142865,0.03247573341031285,0.04228627810275566,0,
257.14285714285717 (x4)
3_2_3_3_
32 8.507
0,25,8,13,0
0,90,12616,9303,0
0,2.8125,0.020063807863031073,0.02720896485004837,0,
253.125 (x3)
3_2_3_4_
36 8.507
0,33,12,17,0
0,120,17403,12561,0
0,1.6666666666666667,0.011492271447451588,0.01592229918000159,0,
200.0 (x2)
3_2_3_5_
40 8.507
0,41,15,22,0
0,150,22100,15810,0
0,0.75,0.005090497737556561,0.007115749525616698,0,
112.5 (x1)
3_2_4_1_
24 8.507
0,11,2,5,0
0,40,4065,3724,0
0,8.75,0.08610086100861009,0.09398496240601503,0,
350.0 (x7)
3_2_4_2_
28 8.507
0,22,7,11,0
0,80,10426,7951,0
0,3.214285714285714,0.024663615686059574,0.03234094543363817,0,
257.1428571428571 (x3)
3_2_4_3_
32 8.507
0,33,11,17,0
0,120,16634,12237,0
0,1.875,0.013526511963448359,0.018386859524393232,0,
225.0 (x2)
3_2_4_4_
36 8.507
0,44,16,23,0
0,160,22931,16571,0
0,0.8333333333333334,0.00581454508452895,0.008046185102488283,0,
133.33333333333334 (x1)
3_2_4_5_
40 8.507
0,55,20,29,0
0,200,29138,20896,0
0,0.75,0.005147916809664356,0.007178407350689127,0,
150.0 (x1)
3_2_5_1_
24 8.507
0,13,3,6,0
0,50,5031,4542,0
0,6.25,0.062114887696283046,0.06880228974020255,0,
312.5 (x5)
3_2_5_2_
28 8.507
0,27,9,13,0
0,100,12934,9821,0
0,2.142857142857143,0.016567629061830392,0.021819133925844034,0,
214.28571428571428 (x2)
3_2_5_3_
32 8.507
0,41,14,21,0
0,150,20652,15171,0
0,0.9375,0.006809267867518885,0.009269329642080285,0,
140.625 (x1)
3_2_5_4_
36 8.507
0,55,20,29,0
0,200,28459,20581,0
0,0.8333333333333333,0.0058563781814774465,0.008098083993327178,0,
166.66666666666666 (x1)
3_2_5_5_
40 8.507
0,69,25,36,0
0,250,36176,25982,0
0,0.75,0.005182994250331712,0.007216534523901162,0,
187.5 (x1)
3_3_1_1_
34 9.513
0,2,0,2,0
0,10,1267,1413,0
0,37.05882352941176,0.2924926876828079,0.2622705133008617,0,
370.5882352941176 (x28)
3_3_1_2_
38 9.513
0,5,2,3,0
0,20,2906,2370,0
0,16.578947368421055,0.11410149599739199,0.13990672884743507,0,
331.5789473684211 (x14)
3_3_1_3_
42 9.513
0,8,3,5,0
0,30,4839,3566,0
0,9.642857142857144,0.05978212735807281,0.08112330742728949,0,
289.28571428571433 (x9)
3_3_1_4_
46 9.513
0,11,4,6,0
0,40,7021,4900,0
0,6.8478260869565215,0.03901339459881226,0.055900621118012424,0,
273.9130434782609 (x7)
3_3_1_5_
50 9.513
0,12,6,8,0
0,45,8823,5813,0
0,6.0,0.03060183611016661,0.04644761740925512,0,
270.0 (x6)
3_3_2_1_
34 9.513
0,5,1,3,0
0,20,2329,2267,0
0,18.52941176470588,0.15911903619326648,0.16347076986948286,0,
370.5882352941176 (x14)
3_3_2_2_
38 9.513
0,11,3,5,0
0,40,5318,4162,0
0,8.289473684210527,0.062350309772173956,0.07966817572523333,0,
331.5789473684211 (x7)
3_3_2_3_
45 9.513
0,15,6,8,0
0,55,8886,6109,0
0,5.454545454545454,0.0337609723160027,0.04910787362907186,0,
300.0 (x5)
3_3_2_4_
46 9.513
0,20,9,12,0
0,75,13090,8780,0
0,3.130434782608696,0.017936028166207197,0.026740616024561754,0,
234.7826086956522 (x3)
3_3_2_5_
50 9.513
0,25,11,15,0
0,90,16658,10985,0
0,3.0,0.016208428382759033,0.024578971324533454,0,
270.0 (x3)
3_3_3_1_
34 9.513
0,8,2,4,0
0,30,3391,3121,0
0,11.911764705882351,0.10538276059465365,0.11449950053715814,0,
357.35294117647055 (x9)
3_3_3_2_
40 9.513
0,15,5,8,0
0,55,7663,5674,0
0,6.136363636363637,0.04404280307973379,0.05948184702150159,0,
337.5 (x5)
3_3_3_3_
45 9.513
0,23,9,12,0
0,85,13224,9114,0
0,3.176470588235294,0.02041742286751361,0.029624753127057275,0,
270.0 (x3)
3_3_3_4_
50 9.513
0,30,13,18,0
0,110,19032,12744,0
0,1.9636363636363636,0.011349306431273645,0.01694915254237288,0,
216.0 (x2)
3_3_3_5_
50 9.513
0,37,17,22,0
0,135,24397,16145,0
0,2.0,0.011066934459154814,0.01672344379064726,0,
270.0 (x2)
3_3_4_1_
35 9.513
0,11,3,5,0
0,40,4709,3975,0
0,9.0,0.07644935230409854,0.09056603773584905,0,
360.0 (x7)
3_3_4_2_
41 9.513
0,20,7,10,0
0,75,10331,7508,0
0,3.51219512195122,0.025497496287517324,0.03508452772327404,0,
263.4146341463415 (x3)
3_3_4_3_
46 9.513
0,30,12,16,0
0,110,17335,11598,0
0,2.1343873517786562,0.013543848208575264,0.020243370296227987,0,
234.7826086956522 (x2)
3_3_4_4_
51 9.513
0,40,17,23,0
0,145,25197,16660,0
0,0.9736308316430021,0.005602907909204878,0.008473977826424688,0,
141.1764705882353 (x1)
3_3_4_5_
51 9.513
0,50,22,29,0
0,180,32392,21077,0
0,0.9803921568627451,0.005447968271032789,0.00837266158539138,0,
176.47058823529412 (x1)
3_3_5_1_
36 9.513
0,12,4,6,0
0,45,5800,4558,0
0,8.333333333333334,0.06465517241379311,0.0822729267222466,0,
375.0 (x6)
3_3_5_2_
41 9.513
0,25,8,12,0
0,90,12484,8948,0
0,3.6585365853658534,0.02637522370097139,0.03679797638387649,0,
329.2682926829268 (x3)
3_3_5_3_
46 9.513
0,37,15,20,0
0,135,21318,14202,0
0,2.1739130434782608,0.013766688285466048,0.02066457265663746,0,
293.4782608695652 (x2)
3_3_5_4_
51 9.513
0,50,22,29,0
0,180,31170,20666,0
0,0.9803921568627451,0.00566155239766744,0.008539174887994489,0,
176.47058823529412 (x1)
3_3_5_5_
51 9.513
0,62,28,37,0
0,225,40195,26183,0
0,0.9803921568627452,0.0054879521157884725,0.008424864809002699,0,
220.58823529411765 (x1)
3_4_1_1_
39 9.77
0,2,0,1,0
0,10,1352,1388,0
0,43.07692307692308,0.3186162949476559,0.31035247173575703,0,
430.7692307692308 (x28)
3_4_1_2_
43 9.77
0,5,2,3,0
0,20,3278,2385,0
0,19.53488372093023,0.1191878201399038,0.16381453854029546,0,
390.69767441860466 (x14)
3_4_1_3_
47 9.77
0,8,3,4,0
0,30,5307,3419,0
0,11.489361702127662,0.06494834201315806,0.10081335216842054,0,
344.68085106382983 (x9)
3_4_1_4_
51 9.77
0,11,5,6,0
0,40,7778,4761,0
0,8.23529411764706,0.04235173112700982,0.06918961661539222,0,
329.4117647058824 (x7)
3_4_1_5_
55 9.77
0,13,7,8,0
0,50,10286,6210,0
0,5.454545454545455,0.02651441500362364,0.04391743522178305,0,
272.72727272727275 (x5)
3_4_2_1_
39 9.77
0,5,1,3,0
0,20,2510,2274,0
0,21.53846153846154,0.17162120747778117,0.1894323794059942,0,
430.7692307692308 (x14)
3_4_2_2_
43 9.77
0,11,4,6,0
0,40,5978,4249,0
0,9.767441860465116,0.06535591743369097,0.09195049998084365,0,
390.69767441860466 (x7)
3_4_2_3_
47 9.77
0,16,6,8,0
0,60,9869,6293,0
0,5.1063829787234045,0.03104498720472229,0.048686314750262874,0,
306.3829787234043 (x4)
3_4_2_4_
51 9.77
0,22,10,12,0
0,80,14650,8959,0
0,3.5294117647058827,0.019273238305561134,0.03151612246639922,0,
282.3529411764706 (x3)
3_4_2_5_
55 9.77
0,27,13,16,0
0,100,19532,11926,0
0,2.1818181818181817,0.011170480144471544,0.018294635098257437,0,
218.1818181818182 (x2)
3_4_3_1_
40 9.77
0,8,2,4,0
0,30,3860,3160,0
0,13.5,0.10492227979274611,0.1281645569620253,0,
405.0 (x9)
3_4_3_2_
44 9.77
0,16,6,8,0
0,60,8871,6113,0
0,5.454545454545454,0.03689242782918806,0.05353717115536189,0,
327.27272727272725 (x4)
3_4_3_3_
48 9.77
0,25,10,13,0
0,90,14559,9194,0
0,3.75,0.023181537193488564,0.03670872308026974,0,
337.5 (x3)
3_4_3_4_
52 9.77
0,33,15,18,0
0,120,21746,13284,0
0,2.3076923076923075,0.012734437456225371,0.020846362309776944,0,
276.9230769230769 (x2)
3_4_3_5_
56 9.77
0,41,20,24,0
0,150,28875,17534,0
0,1.0714285714285714,0.0055658627087198514,0.009165865502126481,0,
160.71428571428572 (x1)
3_4_4_1_
40 9.77
0,11,3,5,0
0,40,5082,4046,0
0,10.5,0.08264462809917356,0.10380622837370242,0,
420.0 (x7)
3_4_4_2_
44 9.77
0,22,8,11,0
0,80,11635,8037,0
0,4.090909090909091,0.028128296284720865,0.04072075740608775,0,
327.27272727272725 (x3)
3_4_4_3_
48 9.77
0,33,13,17,0
0,120,19153,12071,0
0,2.5,0.01566334255730173,0.02485295335929086,0,
300.0 (x2)
3_4_4_4_
52 9.77
0,44,20,24,0
0,160,28394,17403,0
0,1.1538461538461537,0.0065019153558985915,0.01060825056687839,0,
184.6153846153846 (x1)
3_4_4_5_
56 9.77
0,55,26,32,0
0,200,38089,23188,0
0,1.0714285714285714,0.005625921244603803,0.009241233150151556,0,
214.28571428571428 (x1)
3_4_5_1_
40 9.77
0,13,4,6,0
0,50,6304,4932,0
0,7.5,0.05948604060913706,0.07603406326034064,0,
375.0 (x5)
3_4_5_2_
44 9.77
0,27,10,14,0
0,100,14399,9916,0
0,2.7272727272727275,0.018940709266426332,0.027503758847042432,0,
272.72727272727275 (x2)
3_4_5_3_
48 9.77
0,41,16,21,0
0,150,23747,14995,0
0,1.25,0.007895734198003958,0.012504168056018674,0,
187.5 (x1)
3_4_5_4_
52 9.77
0,55,24,30,0
0,200,35234,21614,0
0,1.153846153846154,0.006549617720645705,0.010676840509356472,0,
230.76923076923077 (x1)
3_4_5_5_
56 9.77
0,69,33,40,0
0,250,47303,28842,0
0,1.0714285714285714,0.0056625825604537305,0.00928705162114773,0,
267.85714285714283 (x1)
3_5_1_1_
49 9.696
0,2,0,2,0
0,10,1174,1574,0
0,42.857142857142854,0.3650523241664638,0.2722817208204756,0,
428.57142857142856 (x28)
3_5_1_2_
53 9.696
0,5,2,3,0
0,20,3356,2673,0
0,19.81132075471698,0.11806508197089978,0.14823285263536837,0,
396.22641509433964 (x14)
3_5_1_3_
57 9.77
0,8,3,5,0
0,30,5384,3757,0
0,11.842105263157894,0.06598498475013685,0.09456032949021476,0,
355.2631578947368 (x9)
3_5_1_4_
61 9.696
0,11,5,6,0
0,40,7567,4782,0
0,8.60655737704918,0.04549521541984501,0.07199127877080033,0,
344.2622950819672 (x7)
3_5_1_5_
65 9.696
0,13,7,8,0
0,50,10136,6096,0
0,5.769230769230769,0.028459109950822657,0.047319806178073895,0,
288.46153846153845 (x5)
3_5_2_1_
49 9.696
0,5,1,3,0
0,20,2204,2447,0
0,21.428571428571427,0.1944516463572725,0.17514157277132347,0,
428.57142857142856 (x14)
3_5_2_2_
53 9.696
0,11,4,6,0
0,40,6024,4594,0
0,9.90566037735849,0.06577463729985718,0.08624867546676962,0,
396.22641509433964 (x7)
3_5_2_3_
57 9.77
0,16,7,9,0
0,60,10010,6698,0
0,5.263157894736842,0.0315473999684526,0.047146830947179835,0,
315.7894736842105 (x4)
3_5_2_4_
62 8.507
0,20,10,11,0
0,75,14180,8361,0
0,3.8709677419354844,0.020474088903043818,0.03472342789680198,0,
290.32258064516134 (x3)
3_5_2_5_
66 9.696
0,26,13,15,0
0,95,19127,10961,0
0,3.5885167464114835,0.017823448052966536,0.031102006286752207,0,
340.90909090909093 (x3)
3_5_3_1_
50 9.696
0,8,2,4,0
0,30,3427,3320,0
0,13.5,0.11817916545083162,0.12198795180722892,0,
405.0 (x9)
3_5_3_2_
54 9.696
0,16,6,9,0
0,60,8884,6539,0
0,5.555555555555555,0.037520636349992496,0.0509761941173472,0,
333.3333333333333 (x4)
3_5_3_3_
59 9.696
0,23,10,13,0
0,85,14474,9331,0
0,4.037886340977069,0.023712887866730058,0.03678280344904628,0,
343.22033898305085 (x3)
3_5_3_4_
63 9.696
0,31,15,17,0
0,115,21212,12491,0
0,2.4844720496894412,0.01346946472347189,0.022873611857680387,0,
285.7142857142857 (x2)
3_5_3_5_
67 9.696
0,40,20,23,0
0,145,28501,16505,0
0,1.1580030880082348,0.005891387942921092,0.010173307952813937,0,
167.91044776119404 (x1)
3_5_4_1_
50 9.696
0,11,3,5,0
0,40,4521,4193,0
0,10.5,0.09289980092899801,0.1001669449081803,0,
420.0 (x7)
3_5_4_2_
55 8.286
0,20,8,11,0
0,75,12253,8241,0
0,4.363636363636363,0.0267095998753552,0.03971274448158321,0,
327.27272727272725 (x3)
3_5_4_3_
59 9.696
0,31,13,17,0
0,115,19164,12381,0
0,2.6529108327192334,0.015919679908302644,0.024641365460198034,0,
305.08474576271186 (x2)
3_5_4_4_
63 8.286
0,41,19,22,0
0,150,27441,16047,0
0,1.2698412698412698,0.006941299168258828,0.011869894090869975,0,
190.47619047619048 (x1)
3_5_4_5_
67 9.696
0,52,26,30,0
0,190,36784,21172,0
0,1.178318931657502,0.006086358118065609,0.010574371670835319,0,
223.88059701492537 (x1)
3_5_5_1_
50 9.696
0,13,3,7,0
0,50,5615,5066,0
0,7.5,0.06678539626001781,0.07402289774970391,0,
375.0 (x5)
3_5_5_2_
55 9.696
0,26,10,14,0
0,95,14697,10332,0
0,4.306220095693781,0.02783499415465123,0.03959455178967374,0,
409.0909090909091 (x3)
3_5_5_3_
59 9.696
0,40,16,21,0
0,145,23854,15435,0
0,1.3150204558737582,0.00799354263862224,0.012353609724761575,0,
190.67796610169492 (x1)
3_5_5_4_
63 9.696
0,52,24,28,0
0,190,34121,20037,0
0,1.2531328320802004,0.006977967764580115,0.011882778764048415,0,
238.0952380952381 (x1)
3_5_5_5_
67 8.286
0,69,33,38,0
0,250,47828,27458,0
0,1.119402985074627,0.005851190647082394,0.01019195667086666,0,
279.85074626865674 (x1)
4_1_1_1_
19 8.507
0,2,0,1,0
0,10,1088,1158,0
0,29.47368421052632,0.2708978328173375,0.254522316153077,0,
294.7368421052632 (x28)
4_1_1_2_
23 8.507
0,5,1,3,0
0,20,2504,2129,0
0,12.17391304347826,0.09723572718433114,0.11436273408622132,0,
243.4782608695652 (x14)
4_1_1_3_
27 8.507
0,8,2,4,0
0,30,3894,3111,0
0,6.666666666666667,0.05136106831022085,0.06428801028608165,0,
200.0 (x9)
4_1_1_4_
31 8.507
0,11,3,5,0
0,40,5310,4093,0
0,4.516129032258064,0.03401980438612478,0.0441351481285909,0,
180.64516129032256 (x7)
4_1_1_5_
40 8.507
0,9,3,5,0
0,35,5600,3998,0
0,5.714285714285714,0.03571428571428571,0.05002501250625312,0,
200.0 (x8)
4_1_2_1_
19 8.507
0,5,1,2,0
0,20,1990,1952,0
0,14.73684210526316,0.1481089658820418,0.15099223468507336,0,
294.7368421052632 (x14)
4_1_2_2_
23 8.507
0,11,3,5,0
0,40,4692,3875,0
0,6.08695652173913,0.05189221246154416,0.06283309957924263,0,
243.4782608695652 (x7)
4_1_2_3_
27 8.507
0,16,5,8,0
0,60,7368,5809,0
0,2.962962962962963,0.024128362890577872,0.030603852259903214,0,
177.77777777777777 (x4)
4_1_2_4_
31 8.507
0,22,7,10,0
0,80,10006,7743,0
0,1.9354838709677415,0.015474586216012326,0.01999725037807301,0,
154.83870967741933 (x3)
4_1_2_5_
40 8.507
0,19,7,10,0
0,70,10581,7526,0
0,2.857142857142857,0.01890180512238919,0.026574541589157587,0,
200.0 (x4)
4_1_3_1_
19 8.507
0,8,2,3,0
0,30,2892,2746,0
0,9.473684210526317,0.09827473247433938,0.10349982750028751,0,
284.2105263157895 (x9)
4_1_3_2_
23 8.507
0,16,4,7,0
0,60,6880,5621,0
0,3.4782608695652173,0.030333670374115267,0.03712785130295553,0,
208.69565217391303 (x4)
4_1_3_3_
27 8.507
0,25,7,12,0
0,90,10810,8507,0
0,2.2222222222222223,0.018501387604070305,0.023510050546608676,0,
200.0 (x3)
4_1_3_4_
31 8.507
0,33,10,16,0
0,120,14670,11393,0
0,1.2903225806451613,0.01055478593574774,0.013590688113527549,0,
154.83870967741936 (x2)
4_1_3_5_
40 8.507
0,27,10,15,0
0,100,15207,10690,0
0,1.5,0.009863878477017163,0.01403180542563143,0,
150.0 (x2)
4_1_4_1_
19 8.507
0,11,2,5,0
0,40,3794,3540,0
0,7.36842105263158,0.07768498737618956,0.0832589949449896,0,
294.7368421052632 (x7)
4_1_4_2_
23 8.507
0,22,6,10,0
0,80,9068,7367,0
0,2.608695652173913,0.023014518325310214,0.02832844470936786,0,
208.69565217391303 (x3)
4_1_4_3_
27 8.507
0,33,10,15,0
0,120,14252,11205,0
0,1.4814814814814814,0.01247388280787102,0.015865932867271556,0,
177.77777777777777 (x2)
4_1_4_4_
31 8.507
0,44,13,21,0
0,160,19334,15043,0
0,0.6451612903225806,0.005339081744678437,0.006862049222336827,0,
103.2258064516129 (x1)
4_1_4_5_
40 8.507
0,37,14,20,0
0,135,20124,14218,0
0,1.4814814814814814,0.009938382031405287,0.014066676044450697,0,
200.0 (x2)
4_1_5_1_
19 8.507
0,13,3,6,0
0,50,4696,4334,0
0,5.263157894736842,0.05603873397292208,0.060719403492580086,0,
263.1578947368421 (x5)
4_1_5_2_
23 8.507
0,27,7,12,0
0,100,11256,9113,0
0,1.7391304347826086,0.015450696826426873,0.019084060515555896,0,
173.91304347826087 (x2)
4_1_5_3_
27 8.507
0,41,12,19,0
0,150,17694,13903,0
0,0.7407407407407408,0.006279592580033407,0.00799188024966634,0,
111.11111111111111 (x1)
4_1_5_4_
31 8.507
0,55,17,26,0
0,200,23998,18693,0
0,0.6451612903225806,0.005376792152034175,0.006902704652250368,0,
129.03225806451613 (x1)
4_1_5_5_
40 8.507
0,47,17,25,0
0,170,25041,17746,0
0,0.7352941176470589,0.00499181342598139,0.007043840865547165,0,
125.0 (x1)
4_2_1_1_
29 8.507
0,2,0,1,0
0,10,1240,1391,0
0,38.62068965517241,0.3114571746384872,0.27764694216515035,0,
386.2068965517241 (x28)
4_2_1_2_
33 8.507
0,5,2,3,0
0,20,3039,2306,0
0,16.96969696969697,0.11167947989270792,0.14717863807195983,0,
339.3939393939394 (x14)
4_2_1_3_
37 8.507
0,8,3,5,0
0,30,4972,3542,0
0,9.729729729729732,0.05870713835315606,0.08240877806095198,0,
291.89189189189193 (x9)
4_2_1_4_
41 8.507
0,11,4,6,0
0,40,6931,4724,0
0,6.829268292682928,0.03941288871841251,0.05782614981103241,0,
273.1707317073171 (x7)
4_2_1_5_
45 8.507
0,13,6,8,0
0,50,8896,5945,0
0,4.444444444444445,0.02498001598721023,0.037379684141669006,0,
222.22222222222223 (x5)
4_2_2_1_
29 8.507
0,5,1,3,0
0,20,2270,2233,0
0,19.310344827586206,0.1701351967188212,0.17295427521349044,0,
386.2068965517241 (x14)
4_2_2_2_
33 8.507
0,11,3,5,0
0,40,5611,4044,0
0,8.484848484848484,0.060487246372115375,0.08392530647723526,0,
339.3939393939394 (x7)
4_2_2_3_
37 8.507
0,16,6,9,0
0,60,9342,6486,0
0,4.324324324324325,0.027773438178062458,0.04000300022501688,0,
259.4594594594595 (x4)
4_2_2_4_
41 8.507
0,22,9,12,0
0,80,13099,8820,0
0,2.926829268292683,0.017875131037744456,0.026547204247552678,0,
234.14634146341461 (x3)
4_2_2_5_
45 8.507
0,27,11,15,0
0,100,16862,11259,0
0,1.7777777777777777,0.01054310151688873,0.015789837265989676,0,
177.77777777777777 (x2)
4_2_3_1_
29 8.507
0,8,2,4,0
0,30,3300,3075,0
0,12.413793103448276,0.1128526645768025,0.12111017661900757,0,
372.41379310344826 (x9)
4_2_3_2_
33 8.507
0,16,5,8,0
0,60,8183,5782,0
0,4.848484848484849,0.035550420494817415,0.05031288324266533,0,
290.90909090909093 (x4)
4_2_3_3_
37 8.507
0,25,9,13,0
0,90,13680,9442,0
0,3.243243243243243,0.021337126600284494,0.030914201640742624,0,
291.8918918918919 (x3)
4_2_3_4_
41 8.507
0,33,13,18,0
0,120,19203,12916,0
0,1.9512195121951221,0.01219321676110059,0.01812839435300516,0,
234.14634146341464 (x2)
4_2_3_5_
45 8.507
0,41,17,23,0
0,150,24732,16567,0
0,0.888888888888889,0.005391126206264489,0.008048127804269532,0,
133.33333333333334 (x1)
4_2_4_1_
30 8.286
0,11,3,5,0
0,40,4587,3917,0
0,9.333333333333334,0.08138943390741953,0.09531103735852268,0,
373.33333333333337 (x7)
4_2_4_2_
34 8.286
0,22,7,10,0
0,80,11012,7520,0
0,3.5294117647058827,0.02564047776756907,0.03754693366708386,0,
282.3529411764706 (x3)
4_2_4_3_
38 8.286
0,33,12,17,0
0,120,18275,12386,0
0,2.1052631578947367,0.013823889408884729,0.020396542785997774,0,
252.6315789473684 (x2)
4_2_4_4_
42 8.286
0,44,18,24,0
0,160,25564,17012,0
0,0.9523809523809523,0.005960763275737458,0.008957262660530941,0,
152.38095238095238 (x1)
4_2_4_5_
46 8.286
0,55,23,31,0
0,200,32859,21887,0
0,0.8695652173913043,0.0052927065181003945,0.007945951636965362,0,
173.91304347826087 (x1)
4_2_5_1_
30 8.286
0,13,4,6,0
0,50,5681,4759,0
0,6.666666666666668,0.058675115883353876,0.07004272606289838,0,
333.33333333333337 (x5)
4_2_5_2_
34 8.286
0,27,9,13,0
0,100,13648,9258,0
0,2.3529411764705883,0.017240190331701263,0.02541522117596228,0,
235.2941176470588 (x2)
4_2_5_3_
38 8.286
0,41,16,21,0
0,150,22677,15342,0
0,1.0526315789473684,0.00696277006844403,0.010291665809027848,0,
157.89473684210526 (x1)
4_2_5_4_
42 8.286
0,55,22,29,0
0,200,31732,21108,0
0,0.9523809523809524,0.006002653172702334,0.009023886226842453,0,
190.47619047619048 (x1)
4_2_5_5_
46 8.286
0,69,28,38,0
0,250,40793,27201,0
0,0.8695652173913043,0.005329132555777366,0.007992033540966365,0,
217.3913043478261 (x1)
4_3_1_1_
39 9.77
0,2,0,2,0
0,10,1374,1567,0
0,43.07692307692308,0.31351472399507335,0.2749005939816406,0,
430.7692307692308 (x28)
4_3_1_2_
43 9.77
0,5,2,3,0
0,20,3300,2564,0
0,19.53488372093023,0.11839323467230445,0.15237818815078186,0,
390.69767441860466 (x14)
4_3_1_3_
47 9.77
0,8,3,5,0
0,30,5329,3610,0
0,11.489361702127662,0.06468021224691871,0.09547946012848472,0,
344.68085106382983 (x9)
4_3_1_4_
51 9.77
0,11,5,7,0
0,40,7768,4964,0
0,8.23529411764706,0.04240625189313625,0.06636014599232119,0,
329.4117647058824 (x7)
4_3_1_5_
55 9.77
0,13,7,9,0
0,50,10340,6413,0
0,5.454545454545455,0.026375945138034113,0.04252725288122139,0,
272.72727272727275 (x5)
4_3_2_1_
39 9.77
0,5,1,3,0
0,20,2532,2453,0
0,21.53846153846154,0.17013002794993318,0.1756091442190097,0,
430.7692307692308 (x14)
4_3_2_2_
43 9.77
0,11,4,6,0
0,40,6000,4428,0
0,9.767441860465116,0.06511627906976744,0.08823344047393962,0,
390.69767441860466 (x7)
4_3_2_3_
47 9.77
0,16,7,9,0
0,60,9891,6496,0
0,5.1063829787234045,0.030975935570054017,0.04716486741431716,0,
306.3829787234043 (x4)
4_3_2_4_
51 9.77
0,22,10,13,0
0,80,14640,9174,0
0,3.5294117647058827,0.019286403085824494,0.030777517023814108,0,
282.3529411764706 (x3)
4_3_2_5_
55 9.77
0,27,13,17,0
0,100,19586,12093,0
0,2.1818181818181817,0.011139682333392126,0.018041992738097923,0,
218.1818181818182 (x2)
4_3_3_1_
40 9.77
0,8,2,4,0
0,30,3882,3339,0
0,13.5,0.10432766615146831,0.12129380053908356,0,
405.0 (x9)
4_3_3_2_
44 9.77
0,16,6,8,0
0,60,8893,6292,0
0,5.454545454545454,0.03680116128108931,0.05201410160087846,0,
327.27272727272725 (x4)
4_3_3_3_
48 9.77
0,25,10,13,0
0,90,14613,9394,0
0,3.75,0.023095873537261342,0.03592718756653183,0,
337.5 (x3)
4_3_3_4_
52 9.77
0,33,15,18,0
0,120,21640,13366,0
0,2.3076923076923075,0.012796815014929616,0.02071847051646543,0,
276.9230769230769 (x2)
4_3_3_5_
56 9.77
0,41,20,25,0
0,150,28929,17695,0
0,1.0714285714285714,0.005555473252248115,0.009082468816857063,0,
160.71428571428572 (x1)
4_3_4_1_
40 9.77
0,11,3,5,0
0,40,5104,4225,0
0,10.5,0.0822884012539185,0.09940828402366864,0,
420.0 (x7)
4_3_4_2_
44 9.77
0,22,8,11,0
0,80,11657,8156,0
0,4.090909090909091,0.028075210369111026,0.040126621784297115,0,
327.27272727272725 (x3)
4_3_4_3_
48 9.77
0,33,13,17,0
0,120,19207,12280,0
0,2.5,0.015619305461550477,0.024429967426710098,0,
300.0 (x2)
4_3_4_4_
52 9.77
0,44,20,24,0
0,160,28512,17490,0
0,1.1538461538461537,0.006475006475006475,0.01055548225359546,0,
184.6153846153846 (x1)
4_3_4_5_
56 9.77
0,55,27,33,0
0,200,38143,23343,0
0,1.0714285714285714,0.0056179564870543555,0.00917987038023023,0,
214.28571428571428 (x1)
4_3_5_1_
40 9.77
0,13,4,7,0
0,50,6326,5111,0
0,7.5,0.05927916534935188,0.07337116024261398,0,
375.0 (x5)
4_3_5_2_
44 9.77
0,27,10,14,0
0,100,14421,10020,0
0,2.7272727272727275,0.018911814210337198,0.027218290691344585,0,
272.72727272727275 (x2)
4_3_5_3_
48 9.77
0,41,16,21,0
0,150,23769,15258,0
0,1.25,0.007888426101224283,0.01228863546991742,0,
187.5 (x1)
4_3_5_4_
52 9.77
0,55,25,30,0
0,200,35384,21674,0
0,1.153846153846154,0.0065218525539574605,0.010647283877882753,0,
230.76923076923077 (x1)
4_3_5_5_
56 9.77
0,69,33,41,0
0,250,47357,28985,0
0,1.0714285714285714,0.005656125659504251,0.009241233150151556,0,
267.85714285714283 (x1)
4_4_1_1_
49 8.507
0,2,0,2,0
0,10,1168,1423,0
0,45.714285714285715,0.39138943248532293,0.32125288625639997,0,
457.14285714285717 (x28)
4_4_1_2_
53 8.507
0,5,2,3,0
0,20,3414,2511,0
0,21.132075471698112,0.12379657569829006,0.1683160133149989,0,
422.64150943396226 (x14)
4_4_1_3_
57 8.507
0,8,3,5,0
0,30,5474,3610,0
0,12.631578947368421,0.06922677537834356,0.10497157019973757,0,
378.94736842105266 (x9)
4_4_1_4_
61 8.507
0,11,5,6,0
0,40,7849,4646,0
0,9.180327868852459,0.04678470056747335,0.0790385524653677,0,
367.21311475409834 (x7)
4_4_1_5_
65 8.507
0,13,7,8,0
0,50,10517,6019,0
0,6.153846153846153,0.029256661376087068,0.05112017074137028,0,
307.6923076923077 (x5)
4_4_2_1_
50 8.286
0,5,1,3,0
0,20,2327,2299,0
0,22.4,0.19252256123764502,0.1948673336233145,0,
448.0 (x14)
4_4_2_2_
54 8.286
0,11,4,6,0
0,40,6178,4424,0
0,10.37037037037037,0.06714386772658058,0.09376465072667604,0,
414.81481481481484 (x7)
4_4_2_3_
58 8.286
0,16,7,9,0
0,60,10165,6598,0
0,5.517241379310345,0.032566107502077786,0.050171943431133785,0,
331.0344827586207 (x4)
4_4_2_4_
62 8.286
0,22,10,12,0
0,80,14689,8622,0
0,3.870967741935483,0.0210822669585975,0.035917121242732386,0,
309.67741935483866 (x3)
4_4_2_5_
66 8.286
0,27,14,16,0
0,100,19828,11400,0
0,2.4242424242424243,0.012226358806951908,0.02126528442317916,0,
242.42424242424244 (x2)
4_4_3_1_
50 8.286
0,8,2,4,0
0,30,3421,3175,0
0,14.4,0.12627886582870507,0.13606299212598424,0,
432.0 (x9)
4_4_3_2_
54 8.286
0,16,6,9,0
0,60,9006,6433,0
0,5.925925925925926,0.039479852937547806,0.05527056669602915,0,
355.55555555555554 (x4)
4_4_3_3_
58 8.286
0,25,10,13,0
0,90,14823,9559,0
0,4.137931034482758,0.025124049996859493,0.03895949294941398,0,
372.41379310344826 (x3)
4_4_3_4_
62 8.286
0,33,15,17,0
0,120,21337,12625,0
0,2.5806451612903225,0.014513634501328148,0.02452890450335356,0,
309.6774193548387 (x2)
4_4_3_5_
66 8.286
0,41,20,23,0
0,150,29138,16784,0
0,1.2121212121212122,0.006239899163229522,0.01083282780136927,0,
181.8181818181818 (x1)
4_4_4_1_
50 8.286
0,11,3,5,0
0,40,4515,4051,0
0,11.2,0.09922480620155039,0.11058997778326339,0,
448.0 (x7)
4_4_4_2_
54 8.286
0,22,8,11,0
0,80,11770,8378,0
0,4.444444444444445,0.03020862833946946,0.04243919259436089,0,
355.55555555555554 (x3)
4_4_4_3_
58 8.286
0,33,13,17,0
0,120,19673,12564,0
0,2.7586206896551726,0.016826843021329776,0.02634785758982973,0,
331.0344827586207 (x2)
4_4_4_4_
62 8.286
0,44,19,23,0
0,160,28049,16641,0
0,1.2903225806451613,0.0073603912047925345,0.012406202325775242,0,
206.4516129032258 (x1)
4_4_4_5_
66 8.286
0,55,26,31,0
0,200,37968,22014,0
0,1.2121212121212122,0.006384962137174527,0.011012275934598094,0,
242.42424242424244 (x1)
4_4_5_1_
50 8.286
0,13,3,6,0
0,50,5609,4927,0
0,8.0,0.07131395970761277,0.0811853054597118,0,
400.0 (x5)
4_4_5_2_
54 8.286
0,27,10,14,0
0,100,14534,10243,0
0,2.9629629629629632,0.02038642467980572,0.02892671056294995,0,
296.2962962962963 (x2)
4_4_5_3_
58 8.286
0,41,17,22,0
0,150,24331,15557,0
0,1.3793103448275863,0.00850341341186708,0.013299257679767175,0,
206.89655172413794 (x1)
4_4_5_4_
62 8.286
0,55,24,29,0
0,200,34793,20641,0
0,1.2903225806451613,0.007417138968442855,0.0125025200391954,0,
258.06451612903226 (x1)
4_4_5_5_
226 9.513
0,69,40,57,0
0,250,57242,40470,0
0,0.35398230088495575,0.0015459902732475968,0.002186695705985642,0,
88.49557522123894 (x1)
4_5_1_1_
59 8.739
0,2,0,2,0
0,10,1314,1763,0
0,47.45762711864407,0.3611691561540645,0.2691867675476124,0,
474.5762711864407 (x28)
4_5_1_2_
63 8.739
0,5,2,4,0
0,20,3880,2890,0
0,22.22222222222222,0.11454753722794961,0.15378700499807765,0,
444.44444444444446 (x14)
4_5_1_3_
67 8.739
0,8,4,5,0
0,30,5812,4013,0
0,13.432835820895521,0.0693367299770932,0.10041990396881775,0,
402.98507462686564 (x9)
4_5_1_4_
71 8.739
0,11,5,7,0
0,40,8218,5115,0
0,9.859154929577466,0.04798809895146004,0.07709994079825976,0,
394.3661971830986 (x7)
4_5_1_5_
75 8.739
0,13,7,8,0
0,50,10919,6186,0
0,6.666666666666668,0.030527826113502462,0.05388511693070375,0,
333.33333333333337 (x5)
4_5_2_1_
60 8.739
0,5,1,3,0
0,20,2600,2673,0
0,23.333333333333336,0.1794871794871795,0.17458535977054496,0,
466.6666666666667 (x14)
4_5_2_2_
64 8.739
0,11,4,6,0
0,40,6964,4916,0
0,10.9375,0.0628230901780586,0.08899511798209926,0,
437.5 (x7)
4_5_2_3_
68 8.739
0,16,7,10,0
0,60,10598,7085,0
0,5.88235294117647,0.03330262091626611,0.049815268379758394,0,
352.94117647058823 (x4)
4_5_2_4_
72 8.739
0,22,10,13,0
0,80,15443,9238,0
0,4.166666666666667,0.021584752530812237,0.03608284621490944,0,
333.33333333333337 (x3)
4_5_2_5_
76 8.739
0,27,14,16,0
0,100,20677,11451,0
0,2.631578947368421,0.0127270829780356,0.02298121515473252,0,
263.1578947368421 (x2)
4_5_3_1_
60 8.739
0,8,2,5,0
0,30,3822,3583,0
0,15.0,0.11773940345368916,0.1255930784259001,0,
450.0 (x9)
4_5_3_2_
64 8.739
0,16,7,9,0
0,60,9920,6898,0
0,6.25,0.03780241935483871,0.05436358364743404,0,
375.0 (x4)
4_5_3_3_
68 8.739
0,25,10,14,0
0,90,15480,10222,0
0,4.411764705882352,0.025649794801641583,0.03884355542256033,0,
397.0588235294117 (x3)
4_5_3_4_
72 8.739
0,33,15,18,0
0,120,22539,13360,0
0,2.7777777777777777,0.014789180235739533,0.0249500998003992,0,
333.3333333333333 (x2)
4_5_3_5_
76 8.739
0,41,21,23,0
0,150,30147,16564,0
0,1.3157894736842106,0.006546867716609665,0.011915504772556845,0,
197.3684210526316 (x1)
4_5_4_1_
60 8.739
0,11,3,6,0
0,40,5044,4493,0
0,11.666666666666668,0.09251916468411314,0.10386527190444396,0,
466.6666666666667 (x7)
4_5_4_2_
64 8.739
0,22,9,12,0
0,80,12940,8892,0
0,4.6875,0.028979907264296754,0.042172739541160596,0,
375.0 (x3)
4_5_4_3_
68 8.739
0,33,14,18,0
0,120,20362,13316,0
0,2.941176470588235,0.017333325629633054,0.026505044793525702,0,
352.94117647058823 (x2)
4_5_4_4_
72 8.739
0,44,20,24,0
0,160,29635,17399,0
0,1.3888888888888888,0.00749864087134207,0.01277212611197323,0,
222.22222222222223 (x1)
4_5_4_5_
276 10.223
0,55,33,49,0
0,200,47570,34692,0
0,0.36231884057971014,0.0015233081378167338,0.002088774591143262,0,
72.46376811594203 (x1)
4_5_5_1_
60 8.739
0,13,4,7,0
0,50,6266,5403,0
0,8.333333333333332,0.0664964357910416,0.07711765068788944,0,
416.66666666666663 (x5)
4_5_5_2_
64 8.739
0,27,11,15,0
0,100,15960,10889,0
0,3.125,0.019580200501253132,0.028698686748094407,0,
312.5 (x2)
4_5_5_3_
68 8.739
0,41,17,23,0
0,150,25244,16340,0
0,1.4705882352941178,0.008738244148871718,0.013499892000863994,0,
220.58823529411765 (x1)
4_5_5_4_
272 10.223
0,55,31,46,0
0,200,44012,32869,0
0,0.36764705882352944,0.0016706673581001973,0.002237044381170887,0,
73.52941176470588 (x1)
4_5_5_5_
276 10.223
0,69,41,60,0
0,250,58096,42819,0
0,0.36231884057971014,0.0015591384973996064,0.002115409284311346,0,
90.57971014492753 (x1)
5_1_1_1_
24 8.507
0,2,0,1,0
0,10,1118,1262,0
0,29.166666666666664,0.26088252832438874,0.2311146328578975,0,
291.66666666666663 (x28)
5_1_1_2_
28 8.507
0,5,1,3,0
0,20,2693,2268,0
0,12.5,0.09283327144448571,0.11022927689594356,0,
250.0 (x14)
5_1_1_3_
32 8.507
0,6,2,4,0
0,25,3888,2960,0
0,10.3125,0.06630979938271606,0.08709881756756757,0,
257.8125 (x11)
5_1_1_4_
36 8.507
0,9,3,5,0
0,35,5399,4010,0
0,6.34920634920635,0.0411598855755181,0.05541701302299806,0,
222.22222222222223 (x8)
5_1_1_5_
40 8.507
0,12,4,7,0
0,45,6916,5021,0
0,4.166666666666667,0.027111046847888953,0.03734315873332006,0,
187.5 (x6)
5_1_2_1_
24 8.507
0,5,1,2,0
0,20,2052,2068,0
0,14.583333333333332,0.14213775178687457,0.14103803997421016,0,
291.66666666666663 (x14)
5_1_2_2_
28 8.507
0,9,3,5,0
0,35,4782,3763,0
0,8.16326530612245,0.05974786401386151,0.07592726168330739,0,
285.7142857142857 (x8)
5_1_2_3_
32 8.507
0,13,5,7,0
0,50,7295,5421,0
0,4.6875,0.03212816997943797,0.04323464305478694,0,
234.375 (x5)
5_1_2_4_
36 8.507
0,19,7,10,0
0,70,10220,7491,0
0,3.174603174603175,0.02174385736029572,0.029665227903113368,0,
222.22222222222223 (x4)
5_1_2_5_
40 8.507
0,23,9,12,0
0,85,12892,9164,0
0,2.2058823529411766,0.014543903195780328,0.020460497599301616,0,
187.5 (x3)
5_1_3_1_
24 8.507
0,6,1,3,0
0,25,2759,2531,0
0,13.75,0.12459224356650961,0.1358158830501778,0,
343.75 (x11)
5_1_3_2_
28 8.507
0,13,4,7,0
0,50,6807,5228,0
0,5.357142857142857,0.03935024869357174,0.051235107662039564,0,
267.85714285714283 (x5)
5_1_3_3_
32 8.507
0,20,7,11,0
0,75,10670,7882,0
0,2.8125,0.01976921274601687,0.02676192590713017,0,
210.9375 (x3)
5_1_3_4_
36 8.507
0,27,10,15,0
0,100,14750,10608,0
0,1.6666666666666665,0.011299435028248588,0.0157114127702363,0,
166.66666666666666 (x2)
5_1_3_5_
40 8.507
0,34,13,18,0
0,125,18676,13289,0
0,1.5,0.010039623045620047,0.014109413800887953,0,
187.5 (x2)
5_1_4_1_
24 8.507
0,9,2,4,0
0,35,3725,3343,0
0,9.523809523809524,0.08948545861297538,0.09971083856815235,0,
333.3333333333333 (x8)
5_1_4_2_
28 8.507
0,19,6,10,0
0,70,9187,7057,0
0,4.081632653061225,0.031099846055762024,0.04048664952731837,0,
285.7142857142857 (x4)
5_1_4_3_
32 8.507
0,27,9,14,0
0,100,14045,10343,0
0,1.875,0.013349946600213599,0.01812820264913468,0,
187.5 (x2)
5_1_4_4_
36 8.507
0,37,13,19,0
0,135,19539,14089,0
0,1.646090534979424,0.011373264866278838,0.0157727462717171,0,
222.22222222222223 (x2)
5_1_4_5_
40 8.507
0,47,17,25,0
0,170,24847,17778,0
0,0.7352941176470589,0.005030788425161991,0.0070311621104736195,0,
125.0 (x1)
5_1_5_1_
24 8.507
0,12,3,5,0
0,45,4691,4155,0
0,6.944444444444445,0.06661692602856534,0.07521058965102287,0,
312.5 (x6)
5_1_5_2_
28 8.507
0,23,7,12,0
0,85,11212,8522,0
0,3.151260504201681,0.023890219662606394,0.031431253562208744,0,
267.8571428571429 (x3)
5_1_5_3_
32 8.507
0,34,12,18,0
0,125,17420,12804,0
0,1.875,0.013454362801377727,0.01830482661668229,0,
234.375 (x2)
5_1_5_4_
36 8.507
0,47,17,24,0
0,170,24328,17570,0
0,0.8169934640522876,0.0057090138477839895,0.007904888382976032,0,
138.88888888888889 (x1)
5_1_5_5_
40 8.507
0,58,21,31,0
0,210,30631,21903,0
0,0.7440476190476191,0.005101041428618067,0.007133725973610921,0,
156.25 (x1)
5_2_1_1_
34 9.513
0,2,0,2,0
0,10,1309,1511,0
0,41.17647058823529,0.31456432840515886,0.27251138708296024,0,
411.7647058823529 (x28)
5_2_1_2_
38 9.513
0,5,2,3,0
0,20,3044,2492,0
0,18.421052631578945,0.12103188325610345,0.1478415138971023,0,
368.4210526315789 (x14)
5_2_1_3_
42 9.513
0,8,3,5,0
0,30,5201,3764,0
0,10.714285714285715,0.061801301947427695,0.08539547593745256,0,
321.42857142857144 (x9)
5_2_1_4_
46 9.513
0,11,5,7,0
0,40,7479,5110,0
0,7.608695652173912,0.040693652371567926,0.05955926146515783,0,
304.3478260869565 (x7)
5_2_1_5_
50 9.513
0,13,6,9,0
0,50,9668,6431,0
0,5.0,0.0258585022755482,0.038874203078836884,0,
250.0 (x5)
5_2_2_1_
34 9.513
0,5,1,3,0
0,20,2403,2377,0
0,20.588235294117645,0.17135443440797044,0.1732287361726348,0,
411.7647058823529 (x14)
5_2_2_2_
38 9.513
0,11,3,6,0
0,40,5552,4320,0
0,9.210526315789473,0.06635825875929015,0.08528265107212475,0,
368.4210526315789 (x7)
5_2_2_3_
42 9.513
0,16,6,9,0
0,60,9699,6840,0
0,4.761904761904762,0.029458117920846037,0.041771094402673355,0,
285.7142857142857 (x4)
5_2_2_4_
46 9.513
0,22,9,13,0
0,80,14095,9502,0
0,3.2608695652173916,0.01850795070715795,0.027454174407218618,0,
260.8695652173913 (x3)
5_2_2_5_
50 9.513
0,27,12,17,0
0,100,18338,12123,0
0,2.0,0.010906314756243865,0.016497566608925183,0,
200.0 (x2)
5_2_3_1_
34 9.513
0,8,2,4,0
0,30,3497,3243,0
0,13.23529411764706,0.1135427004659456,0.12243565326222997,0,
397.05882352941177 (x9)
5_2_3_2_
38 9.513
0,16,5,8,0
0,60,8060,6148,0
0,5.263157894736842,0.039179835444691134,0.05136458583022292,0,
315.7894736842105 (x4)
5_2_3_3_
42 9.513
0,25,10,14,0
0,90,14165,9928,0
0,3.5714285714285716,0.022691745247340023,0.032375964084263846,0,
321.42857142857144 (x3)
5_2_3_4_
46 9.513
0,33,14,19,0
0,120,20647,13894,0
0,2.1739130434782608,0.012634744283304659,0.018775699238332468,0,
260.8695652173913 (x2)
5_2_3_5_
50 9.513
0,41,19,25,0
0,150,26912,17809,0
0,1.0,0.00557372175980975,0.008422707619742826,0,
150.0 (x1)
5_2_4_1_
35 9.513
0,11,3,5,0
0,40,4847,4109,0
0,10.0,0.08252527336496802,0.09734728644439036,0,
400.0 (x7)
5_2_4_2_
39 9.513
0,22,7,11,0
0,80,10824,7976,0
0,3.8461538461538467,0.02842685769515038,0.03857727027235553,0,
307.69230769230774 (x3)
5_2_4_3_
43 9.513
0,33,13,18,0
0,120,18887,13004,0
0,2.325581395348837,0.014775759381683722,0.021460302017983733,0,
279.06976744186045 (x2)
5_2_4_4_
47 9.513
0,44,19,25,0
0,160,27456,18286,0
0,1.0638297872340425,0.006199474284580667,0.009308365195091699,0,
170.2127659574468 (x1)
5_2_4_5_
51 9.513
0,55,25,33,0
0,200,35742,23507,0
0,0.9803921568627452,0.005485938989775307,0.008341278401010297,0,
196.07843137254903 (x1)
5_2_5_1_
35 9.513
0,13,4,7,0
0,50,6005,4975,0
0,7.142857142857143,0.05947424765076722,0.07178750897343862,0,
357.14285714285717 (x5)
5_2_5_2_
39 9.513
0,27,9,13,0
0,100,13396,9804,0
0,2.564102564102564,0.01914080743582087,0.026153636924750756,0,
256.4102564102564 (x2)
5_2_5_3_
43 9.513
0,41,16,22,0
0,150,23417,16092,0
0,1.1627906976744184,0.00744837531072139,0.010838839463780933,0,
174.41860465116278 (x1)
5_2_5_4_
47 9.513
0,55,24,32,0
0,200,34072,22678,0
0,1.0638297872340425,0.006244598422364654,0.009382042395573177,0,
212.7659574468085 (x1)
5_2_5_5_
51 9.513
0,69,31,41,0
0,250,44380,29199,0
0,0.9803921568627451,0.005522713817388154,0.008394055933959596,0,
245.09803921568627 (x1)
5_3_1_1_
49 9.696
0,2,0,2,0
0,10,1189,1627,0
0,42.857142857142854,0.3604469542232368,0.26341206427254366,0,
428.57142857142856 (x28)
5_3_1_2_
53 9.696
0,5,2,3,0
0,20,3371,2723,0
0,19.81132075471698,0.1175397256286976,0.145510986079449,0,
396.22641509433964 (x14)
5_3_1_3_
57 9.77
0,8,3,5,0
0,30,5431,3799,0
0,11.842105263157894,0.0654139491612478,0.0935149138970089,0,
355.2631578947368 (x9)
5_3_1_4_
61 9.696
0,11,5,6,0
0,40,7614,4824,0
0,8.60655737704918,0.04521438075675954,0.07136448903025853,0,
344.2622950819672 (x7)
5_3_1_5_
65 9.696
0,13,7,8,0
0,50,10122,6191,0
0,5.769230769230769,0.02849847248187497,0.046593690593044496,0,
288.46153846153845 (x5)
5_3_2_1_
49 9.696
0,5,1,3,0
0,20,2219,2500,0
0,21.428571428571427,0.19313719178523145,0.17142857142857143,0,
428.57142857142856 (x14)
5_3_2_2_
53 9.696
0,11,4,6,0
0,40,6039,4641,0
0,9.90566037735849,0.06561126264188435,0.08537522410996329,0,
396.22641509433964 (x7)
5_3_2_3_
57 9.77
0,16,7,9,0
0,60,9993,6769,0
0,5.263157894736842,0.031601068116102325,0.04665230812294438,0,
315.7894736842105 (x4)
5_3_2_4_
62 8.507
0,20,10,11,0
0,75,14227,8454,0
0,3.8709677419354844,0.020406451159426537,0.03434144554591452,0,
290.32258064516134 (x3)
5_3_2_5_
66 9.696
0,26,13,15,0
0,95,19270,11059,0
0,3.5885167464114835,0.017691182714535077,0.030826393969535303,0,
340.90909090909093 (x3)
5_3_3_1_
50 9.696
0,8,2,4,0
0,30,3442,3373,0
0,13.5,0.11766414875072632,0.12007115327601542,0,
405.0 (x9)
5_3_3_2_
54 9.696
0,16,6,9,0
0,60,8803,6559,0
0,5.555555555555555,0.03786587905638229,0.050820755196422214,0,
333.3333333333333 (x4)
5_3_3_3_
59 9.696
0,23,10,13,0
0,85,14489,9349,0
0,4.037886340977069,0.023688338669545922,0.03671198406065364,0,
343.22033898305085 (x3)
5_3_3_4_
62 9.696
0,31,14,17,0
0,115,20967,12472,0
0,2.5245441795231414,0.01384664380431923,0.023277949057501707,0,
290.3225806451613 (x2)
5_3_3_5_
66 9.696
0,40,20,23,0
0,145,28608,16620,0
0,1.1755485893416928,0.005958282489322758,0.010255989497866755,0,
170.45454545454547 (x1)
5_3_4_1_
50 9.696
0,11,3,6,0
0,40,4536,4246,0
0,10.5,0.09259259259259259,0.09891662741403674,0,
420.0 (x7)
5_3_4_2_
55 8.286
0,20,8,11,0
0,75,12460,8310,0
0,4.363636363636363,0.026265868962498173,0.03938299967180833,0,
327.27272727272725 (x3)
5_3_4_3_
58 9.696
0,31,13,17,0
0,115,18983,12462,0
0,2.698650674662669,0.01634856595828936,0.024903292215230854,0,
310.3448275862069 (x2)
5_3_4_4_
63 8.286
0,41,19,22,0
0,150,27388,16007,0
0,1.2698412698412698,0.00695473165167922,0.011899555849077934,0,
190.47619047619048 (x1)
5_3_4_5_
67 9.696
0,52,26,30,0
0,190,37115,21534,0
0,1.178318931657502,0.006032078593962694,0.010396609873452464,0,
223.88059701492537 (x1)
5_3_5_1_
50 9.696
0,13,3,7,0
0,50,5630,5119,0
0,7.5,0.06660746003552398,0.07325649540925962,0,
375.0 (x5)
5_3_5_2_
54 9.696
0,26,10,14,0
0,95,15476,10447,0
0,4.385964912280701,0.026923408288102003,0.03988385820490731,0,
416.66666666666663 (x3)
5_3_5_3_
58 9.696
0,40,16,21,0
0,145,23545,15487,0
0,1.33769322235434,0.00823807675690717,0.012524408680918144,0,
193.9655172413793 (x1)
5_3_5_4_
63 9.696
0,52,24,28,0
0,190,34132,20089,0
0,1.2531328320802004,0.006975718917591647,0.011852020413919962,0,
238.0952380952381 (x1)
5_3_5_5_
116 9.192
0,70,37,48,0
0,255,53239,34265,0
0,0.6338742393509128,0.003036081275652863,0.004717289684356712,0,
161.63793103448276 (x1)
5_4_1_1_
59 8.739
0,2,0,2,0
0,10,1300,1539,0
0,47.45762711864407,0.3650586701434159,0.3083666479444059,0,
474.5762711864407 (x28)
5_4_1_2_
63 8.739
0,5,2,3,0
0,20,3802,2663,0
0,22.22222222222222,0.1168975393067976,0.1668961488713648,0,
444.44444444444446 (x14)
5_4_1_3_
67 8.739
0,8,4,5,0
0,30,5766,3793,0
0,13.432835820895521,0.06988988460403497,0.10624441724937138,0,
402.98507462686564 (x9)
5_4_1_4_
71 8.739
0,11,5,6,0
0,40,8140,4881,0
0,9.859154929577466,0.04844793577187944,0.08079618872835456,0,
394.3661971830986 (x7)
5_4_1_5_
75 8.739
0,13,7,8,0
0,50,10933,5951,0
0,6.666666666666668,0.030488734412634534,0.05601299501484345,0,
333.33333333333337 (x5)
5_4_2_1_
60 8.739
0,5,1,3,0
0,20,2586,2449,0
0,23.333333333333336,0.18045888115493686,0.19055396760582552,0,
466.6666666666667 (x14)
5_4_2_2_
64 8.739
0,11,4,6,0
0,40,6886,4646,0
0,10.9375,0.0635347081033982,0.094167025398192,0,
437.5 (x7)
5_4_2_3_
68 8.739
0,16,7,9,0
0,60,10612,6862,0
0,5.88235294117647,0.03325868606017605,0.051434155708334046,0,
352.94117647058823 (x4)
5_4_2_4_
72 8.739
0,22,10,12,0
0,80,15397,9053,0
0,4.166666666666667,0.021649239029248125,0.03682020692956295,0,
333.33333333333337 (x3)
5_4_2_5_
76 8.739
0,27,14,15,0
0,100,20631,11224,0
0,2.631578947368421,0.012755459974642145,0.023445999174700825,0,
263.1578947368421 (x2)
5_4_3_1_
60 8.739
0,8,2,4,0
0,30,3808,3359,0
0,15.0,0.11817226890756302,0.1339684429889848,0,
450.0 (x9)
5_4_3_2_
64 8.739
0,16,7,9,0
0,60,9902,6683,0
0,6.25,0.03787113714401131,0.0561125243154272,0,
375.0 (x4)
5_4_3_3_
68 8.739
0,25,10,14,0
0,90,15402,10004,0
0,4.411764705882352,0.02577969247691285,0.039690006350401014,0,
397.0588235294117 (x3)
5_4_3_4_
72 8.739
0,33,15,18,0
0,120,22429,13199,0
0,2.7777777777777777,0.014861711771961893,0.02525443846756067,0,
333.3333333333333 (x2)
5_4_3_5_
76 8.739
0,41,21,23,0
0,150,30165,16340,0
0,1.3157894736842106,0.0065429610824674815,0.012078850737615152,0,
197.3684210526316 (x1)
5_4_4_1_
60 8.739
0,11,3,6,0
0,40,5026,4269,0
0,11.666666666666668,0.09285051067780874,0.10931521824002499,0,
466.6666666666667 (x7)
5_4_4_2_
64 8.739
0,22,9,12,0
0,80,12926,8672,0
0,4.6875,0.029011295064211667,0.04324261992619926,0,
375.0 (x3)
5_4_4_3_
68 8.739
0,33,14,18,0
0,120,20220,13101,0
0,2.941176470588235,0.017455053237912375,0.02694001804981209,0,
352.94117647058823 (x2)
5_4_4_4_
72 8.739
0,44,20,24,0
0,160,29621,17246,0
0,1.3888888888888888,0.007502185011384566,0.012885435592150192,0,
222.22222222222223 (x1)
5_4_4_5_
276 10.223
0,55,33,48,0
0,200,47520,34417,0
0,0.36231884057971014,0.0015249109452008004,0.002105464395965425,0,
72.46376811594203 (x1)
5_4_5_1_
60 8.739
0,13,4,7,0
0,50,6252,5179,0
0,8.333333333333332,0.06664534015781616,0.08045311192636931,0,
416.66666666666663 (x5)
5_4_5_2_
64 8.739
0,27,11,15,0
0,100,15946,10670,0
0,3.125,0.019597391195284083,0.02928772258669166,0,
312.5 (x2)
5_4_5_3_
68 8.739
0,41,17,22,0
0,150,25198,16101,0
0,1.4705882352941178,0.008754196178034671,0.013700281677791295,0,
220.58823529411765 (x1)
5_4_5_4_
272 10.223
0,55,31,46,0
0,200,44282,32654,0
0,0.36764705882352944,0.001660480822110697,0.0022517734968060844,0,
73.52941176470588 (x1)
5_4_5_5_
276 10.223
0,69,41,60,0
0,250,58334,42716,0
0,0.36231884057971014,0.001552777285029786,0.0021205101166993055,0,
90.57971014492753 (x1)
5_5_1_1_
74 9.513
0,2,0,2,0
0,10,1227,1918,0
0,47.2972972972973,0.38547104561774487,0.24659696192542907,0,
472.97297297297297 (x28)
5_5_1_2_
78 9.513
0,5,2,4,0
0,20,4017,3076,0
0,22.435897435897438,0.1117047420258772,0.145877096462272,0,
448.71794871794873 (x14)
5_5_1_3_
82 9.513
0,8,4,6,0
0,30,6137,4288,0
0,13.719512195121952,0.06706621571674411,0.09598539315617037,0,
411.5853658536586 (x9)
5_5_1_4_
86 9.513
0,11,5,7,0
0,40,8131,5394,0
0,10.174418604651162,0.05005248360423644,0.07544989695699787,0,
406.9767441860465 (x7)
5_5_1_5_
90 9.513
0,13,7,9,0
0,50,10831,6483,0
0,6.944444444444445,0.03205818689153561,0.05355888049085643,0,
347.22222222222223 (x5)
5_5_2_1_
75 9.513
0,5,1,4,0
0,20,2413,2827,0
0,23.333333333333336,0.19339687802182623,0.16507487324607947,0,
466.6666666666667 (x14)
5_5_2_2_
79 9.513
0,11,5,7,0
0,40,7197,5130,0
0,11.075949367088608,0.0615587014983388,0.08636217830088584,0,
443.03797468354435 (x7)
5_5_2_3_
83 9.513
0,16,7,10,0
0,60,11211,7507,0
0,6.024096385542168,0.032240280361478024,0.048147833106771024,0,
361.4457831325301 (x4)
5_5_2_4_
87 9.513
0,22,10,13,0
0,80,15127,9692,0
0,4.310344827586206,0.02279550381482756,0.035578578849246444,0,
344.8275862068965 (x3)
5_5_2_5_
91 9.513
0,27,14,16,0
0,100,20073,11883,0
0,2.7472527472527473,0.013686308709474156,0.023119184947006207,0,
274.72527472527474 (x2)
5_5_3_1_
75 9.513
0,8,2,5,0
0,30,3543,3736,0
0,15.0,0.12701100762066045,0.12044967880085652,0,
450.0 (x9)
5_5_3_2_
79 9.513
0,16,7,10,0
0,60,10309,7214,0
0,6.329113924050633,0.03683643762179047,0.05264025997269725,0,
379.746835443038 (x4)
5_5_3_3_
83 9.513
0,25,11,15,0
0,90,16157,10738,0
0,4.518072289156626,0.025167203442724287,0.037867992738321504,0,
406.62650602409633 (x3)
5_5_3_4_
87 9.513
0,33,15,19,0
0,120,22035,13906,0
0,2.873563218390805,0.015649084919759318,0.024797036258226417,0,
344.82758620689657 (x2)
5_5_3_5_
341 11.181
0,41,26,39,0
0,150,37688,28173,0
0,0.36656891495601174,0.0014589614000053534,0.001951703306122946,0,
54.98533724340176 (x1)
5_5_4_1_
75 9.513
0,11,3,6,0
0,40,4665,4645,0
0,11.666666666666668,0.10003572704537335,0.1004664513814137,0,
466.6666666666667 (x7)
5_5_4_2_
79 9.513
0,22,9,13,0
0,80,13425,9276,0
0,4.746835443037975,0.028286542677321266,0.040938641164622466,0,
379.746835443038 (x3)
5_5_4_3_
83 9.513
0,33,14,19,0
0,120,21043,13852,0
0,3.012048192771084,0.01717653296262558,0.026093400457156374,0,
361.4457831325301 (x2)
5_5_4_4_
337 11.181
0,44,25,40,0
0,160,36120,28654,0
0,0.37091988130563797,0.0016430559526274108,0.0020711656665352855,0,
59.347181008902076 (x1)
5_5_4_5_
341 11.181
0,55,34,51,0
0,200,48022,36649,0
0,0.36656891495601174,0.0015266707548873921,0.002000430652710916,0,
73.31378299120234 (x1)
5_5_5_1_
75 9.513
0,13,4,7,0
0,50,5791,5554,0
0,8.333333333333332,0.07195072814136878,0.07502100588164685,0,
416.66666666666663 (x5)
5_5_5_2_
79 9.513
0,27,11,16,0
0,100,16545,11323,0
0,3.164556962025317,0.01912696864324761,0.027948043469268893,0,
316.45569620253167 (x2)
5_5_5_3_
333 11.181
0,41,22,36,0
0,150,32370,25738,0
0,0.37537537537537535,0.001739459570784872,0.002187672169799763,0,
56.306306306306304 (x1)
5_5_5_4_
337 11.181
0,55,31,49,0
0,200,44016,35206,0
0,0.37091988130563797,0.0016853865926283078,0.0021071401539830598,0,
74.1839762611276 (x1)
4_5_1_1_
5261 8.507
0,1,0,1,0
0,5,592,1016,0
0,2.166888424253944,0.0183014225021448,0.010663820985501693,0,
10.83444212126972 (x57)
4_5_1_1_
5261 8.507
0,1,0,1,0
0,5,592,1016,0
0,2.166888424253944,0.0183014225021448,0.010663820985501693,0,
10.83444212126972 (x57)
1_1_1_1_
261 8.507
0,1,0,1,0
0,5,551,727,0
0,2.1839080459770117,0.019817677368212445,0.015020000316210534,0,
10.919540229885058 (x57)
1_1_1_2_
561 8.286
0,1,0,2,0
0,5,621,1457,0
0,2.0320855614973263,0.016361397435566232,0.006973526292029259,0,
10.16042780748663 (x57)
1_1_1_3_
811 8.286
0,1,0,2,0
0,5,652,1953,0
0,2.1085080147965476,0.01616953999077107,0.00539812599794303,0,
10.542540073982737 (x57)
1_1_1_4_
1061 8.286
0,1,0,3,0
0,5,688,2357,0
0,2.1489161168708764,0.015617122942375557,0.004558583192343819,0,
10.744580584354383 (x57)
1_1_1_5_
1311 8.286
0,1,0,3,0
0,5,718,2793,0
0,2.1739130434782608,0.015138670219207945,0.0038917168698142874,0,
10.869565217391305 (x57)
1_1_2_1_
611 8.286
0,1,0,3,0
0,5,597,2299,0
0,1.8657937806873979,0.015626413573596298,0.00405783771354371,0,
9.328968903436989 (x57)
1_1_2_2_
1211 8.286
0,1,0,4,0
0,5,629,2999,0
0,1.882741535920727,0.014966148934187018,0.0031389488761599314,0,
9.413707679603634 (x57)
1_1_2_3_
1711 8.286
0,1,0,4,0
0,5,660,3495,0
0,1.9988310929281123,0.015142659794909943,0.00285955807285853,0,
9.994155464640562 (x57)
1_1_2_4_
2211 8.286
0,1,0,5,0
0,5,696,3899,0
0,2.0624151967435553,0.014816201126031287,0.0026448002010048153,0,
10.312075983717776 (x57)
1_1_2_5_
2711 8.286
0,1,0,6,0
0,5,726,4335,0
0,2.102545186278126,0.014480338748471943,0.002425080953031287,0,
10.51272593139063 (x57)
1_1_3_1_
886 8.286
0,1,0,4,0
0,5,598,3247,0
0,1.9300225733634313,0.016137312486316314,0.002972008890304021,0,
9.650112866817157 (x57)
1_1_3_2_
1786 8.286
0,1,0,5,0
0,5,631,3932,0
0,1.9148936170212767,0.015173483494621845,0.002435012229172529,0,
9.574468085106384 (x57)
1_1_3_3_
2536 8.286
0,1,0,6,0
0,5,662,4428,0
0,2.022870662460568,0.0152784793237203,0.0022841809648380396,0,
10.114353312302839 (x57)
1_1_3_4_
3286 8.286
0,1,0,6,0
0,5,698,4832,0
0,2.081558125380402,0.014910874823641848,0.0021539301794085285,0,
10.40779062690201 (x57)
