2_2_2_2_
212 9.929
0,20,5303,3268,0
0,0.18867924528301888,0.0007115943627494583,0.0011547077434701277,0,
3.7735849056603774
2_2_2_3_
312 10.702
0,20,6961,3892,0
0,0.19230769230769232,0.000552528924889218,0.0009882204126808443,0,
3.8461538461538463
2_2_2_5_
512 10.444
0,20,10399,4992,0
0,0.1953125,0.0003756370804885085,0.0007825020032051282,0,
3.90625
2_2_3_2_
212 9.929
0,30,7485,4776,0
0,0.18867924528301885,0.0007562294400120996,0.00118517113871243,0,
5.660377358490566
2_2_3_3_
312 10.702
0,30,9751,5632,0
0,0.19230769230769232,0.0005916552937371315,0.0010243662587412587,0,
5.769230769230769
2_2_3_5_
512 10.444
0,30,14373,7316,0
0,0.1953125,0.0004076654143185139,0.0008008987151448879,0,
5.859375
2_2_4_2_
212 9.929
0,40,9091,5750,0
0,0.18867924528301888,0.0008301803774415086,0.0013125512715340443,0,
7.547169811320755
2_2_4_3_
312 10.702
0,40,11645,6828,0
0,0.19230769230769232,0.0006605674274201539,0.0011265828489027084,0,
7.6923076923076925
2_2_4_5_
512 10.444
0,40,16107,8328,0
0,0.1953125,0.00048503756130874776,0.0009381003842459174,0,
7.8125
2_3_2_2_
218 9.929
0,23,6842,4184,0
0,0.23932987634623054,0.0008045289617017396,0.0013156279053449576,0,
5.504587155963303
2_3_2_3_
318 10.886
0,23,9044,4814,0
0,0.24610336341263328,0.0006258710038136407,0.0011758158202099223,0,
5.660377358490566
2_3_2_5_
518 10.665
0,23,13634,6626,0
0,0.2518045996306866,0.0004247840539464421,0.0008740576202091445,0,
5.7915057915057915
2_3_3_2_
218 10.223
0,36,9248,5929,0
0,0.2293577981651376,0.0008928287990857432,0.0013926261990124733,0,
8.256880733944953
2_3_3_3_
318 10.886
0,36,11898,7163,0
0,0.2358490566037736,0.0007136128792852454,0.0011853365960820675,0,
8.49056603773585
2_3_3_5_
518 10.515
0,36,15336,9427,0
0,0.2413127413127413,0.0005664618340674679,0.000921529509627526,0,
8.687258687258687
2_3_4_2_
218 9.929
0,46,11270,7518,0
0,0.23932987634623054,0.0009768566381478797,0.00146437540727941,0,
11.009174311926605
2_3_4_3_
318 10.886
0,46,14368,9004,0
0,0.24610336341263328,0.0007879144429970164,0.0012573028339605877,0,
11.320754716981131
2_3_4_5_
518 10.665
0,46,18990,11980,0
0,0.2518045996306866,0.0006099532165882877,0.0009668624025886129,0,
11.583011583011583
2_4_2_2_
220 10.702
0,33,8760,5470,0
0,0.22038567493112948,0.0008302200083022001,0.001329566229017783,0,
7.2727272727272725
2_4_2_3_
320 11.144
0,33,11346,6564,0
0,0.22727272727272727,0.0006610259122157589,0.0011425959780621572,0,
7.5
2_4_2_5_
520 10.996
0,33,14688,8620,0
0,0.23310023310023312,0.0005237137590078767,0.000892379082634303,0,
7.6923076923076925
2_4_3_2_
220 10.702
0,48,11745,7687,0
0,0.22727272727272727,0.0009288285150354115,0.0014191610392989343,0,
10.909090909090908
2_4_3_3_
320 11.144
0,48,14843,9121,0
0,0.234375,0.0007579330324058479,0.0012334173884442495,0,
11.25
2_4_3_5_
520 10.996
0,48,18921,11901,0
0,0.2403846153846154,0.0006098230293568806,0.0009695371429679471,0,
11.538461538461538
2_4_4_2_
229 9.912
0,63,14956,9924,0
0,0.22180633534345326,0.0009343273018612968,0.0014080813307776657,0,
13.973799126637555
2_4_4_3_
329 10.481
0,63,17510,11810,0
0,0.23158199449992764,0.0008332190550254392,0.0012353654236659983,0,
14.589665653495441
2_4_4_5_
529 11.181
0,63,24896,15618,0
0,0.24004560866564648,0.0006074418921086009,0.0009682976915056812,0,
15.122873345935728
4_4_4_4_
62 8.286
0,44,19,23,0
0,160,28049,16641,0
0,1.2903225806451613,0.0073603912047925345,0.012406202325775242,0,
206.4516129032258
4_4_4_5_
66 8.286
0,55,26,31,0
0,200,37968,22014,0
0,1.2121212121212122,0.006384962137174527,0.011012275934598094,0,
242.42424242424244
4_4_4_6_
231 9.513
0,66,44,57,0
0,240,62548,40854,0
0,0.3463203463203463,0.0013288495733977605,0.002034485805964731,0,
83.11688311688312
4_4_5_4_
62 8.286
0,55,24,29,0
0,200,34793,20641,0
0,1.2903225806451613,0.007417138968442855,0.0125025200391954,0,
258.06451612903226
4_4_5_5_
226 9.513
0,69,40,57,0
0,250,57242,40470,0
0,0.35398230088495575,0.0015459902732475968,0.002186695705985642,0,
88.49557522123894
5_5_5_4_
337 11.181
0,55,31,49,0
0,200,44016,35206,0
0,0.37091988130563797,0.0016853865926283078,0.0021071401539830598,0,
74.1839762611276
5_5_5_5_
353 11.181
0,69,52,73,0
0,250,74523,51600,0
0,0.3541076487252125,0.0011879139618816085,0.0017156378329709907,0,
88.52691218130312
5_5_4_4_
337 11.181
0,44,25,40,0
0,160,36120,28654,0
0,0.37091988130563797,0.0016430559526274108,0.0020711656665352855,0,
59.347181008902076
5_5_4_5_
341 11.181
0,55,34,51,0
0,200,48022,36649,0
0,0.36656891495601174,0.0015266707548873921,0.002000430652710916,0,
73.31378299120234
5_4_5_4_
272 10.223
0,55,31,46,0
0,200,44282,32654,0
0,0.36764705882352944,0.001660480822110697,0.0022517734968060844,0,
73.52941176470588
5_4_5_5_
276 10.223
0,69,41,60,0
0,250,58334,42716,0
0,0.36231884057971014,0.001552777285029786,0.0021205101166993055,0,
90.57971014492753
5_4_4_4_
72 8.739
0,44,20,24,0
0,160,29621,17246,0
0,1.3888888888888888,0.007502185011384566,0.012885435592150192,0,
222.22222222222223
5_4_4_5_
276 10.223
0,55,33,48,0
0,200,47520,34417,0
0,0.36231884057971014,0.0015249109452008004,0.002105464395965425,0,
72.46376811594203
4_5_5_4_
272 10.223
0,55,31,46,0
0,200,44012,32869,0
0,0.36764705882352944,0.0016706673581001973,0.002237044381170887,0,
73.52941176470588
4_5_5_5_
276 10.223
0,69,41,60,0
0,250,58096,42819,0
0,0.36231884057971014,0.0015591384973996064,0.002115409284311346,0,
90.57971014492753
4_5_4_4_
72 8.739
0,44,20,24,0
0,160,29635,17399,0
0,1.3888888888888888,0.00749864087134207,0.01277212611197323,0,
222.22222222222223
4_5_4_5_
276 10.223
0,55,33,49,0
0,200,47570,34692,0
0,0.36231884057971014,0.0015233081378167338,0.002088774591143262,0,
72.46376811594203
4_4_5_4_
62 8.286
0,55,24,29,0
0,200,34793,20641,0
0,1.2903225806451613,0.007417138968442855,0.0125025200391954,0,
258.06451612903226
4_4_5_5_
226 9.513
0,69,40,57,0
0,250,57242,40470,0
0,0.35398230088495575,0.0015459902732475968,0.002186695705985642,0,
88.49557522123894
4_4_4_4_
62 8.286
0,44,19,23,0
0,160,28049,16641,0
0,1.2903225806451613,0.0073603912047925345,0.012406202325775242,0,
206.4516129032258
4_4_4_5_
66 8.286
0,55,26,31,0
0,200,37968,22014,0
0,1.2121212121212122,0.006384962137174527,0.011012275934598094,0,
242.42424242424244
1_1_5_1_
14 8.507
0,6,1,2,0
0,25,2243,1930,0
0,0.7142857142857143,0.007961276351824725,0.009252405625462621,0,
17.857142857142858
1_1_5_2_
18 8.507
0,13,3,5,0
0,50,4668,3773,0
0,0.5555555555555556,0.0059506807578787015,0.007362252260211444,0,
27.77777777777778
1_1_5_3_
27 8.507
0,11,3,5,0
0,40,4886,3779,0
0,0.6944444444444444,0.005685177604948379,0.00735056305312987,0,
27.77777777777778
1_1_5_4_
31 8.507
0,13,4,6,0
0,50,6270,4853,0
0,0.6451612903225806,0.005144826876575603,0.006647035754405323,0,
32.25806451612903
1_2_5_1_
14 8.507
0,13,2,5,0
0,50,4210,3735,0
0,0.7142857142857143,0.00848320325755005,0.009562057754828839,0,
35.714285714285715
1_2_5_2_
18 8.507
0,27,6,10,0
0,100,8826,7370,0
0,0.5555555555555556,0.0062945338268247854,0.007538067239559777,0,
55.55555555555556
1_2_5_3_
27 8.507
0,20,6,10,0
0,75,9035,7088,0
0,0.7407407407407408,0.006148927012236365,0.007837973413594181,0,
55.55555555555556
1_2_5_4_
31 8.507
0,27,8,13,0
0,100,12028,9498,0
0,0.6451612903225806,0.005363828486220325,0.00679260149844789,0,
64.51612903225806
1_3_5_1_
19 8.507
0,11,2,4,0
0,40,3955,3410,0
0,0.9868421052631579,0.009980703972320181,0.011575860472295108,0,
39.473684210526315
1_3_5_2_
23 8.507
0,20,6,9,0
0,75,8650,6883,0
0,0.8695652173913043,0.007539582809751194,0.009475140389996778,0,
65.21739130434783
1_3_5_3_
28 8.507
0,31,9,15,0
0,115,13835,10629,0
0,0.6987577639751553,0.005808250296866126,0.007560179025039314,0,
80.35714285714286
1_3_5_4_
32 8.507
0,41,13,19,0
0,150,18434,14083,0
0,0.625,0.005085711185852229,0.006656962294965561,0,
93.75
1_4_5_1_
19 8.507
0,13,3,6,0
0,50,4693,4258,0
0,1.0526315789473684,0.011214911346125808,0.012360633853303996,0,
52.63157894736842
1_4_5_2_
23 8.507
0,27,7,12,0
0,100,11253,9037,0
0,0.8695652173913043,0.007727407956911974,0.009622277496860732,0,
86.95652173913044
1_4_5_3_
27 8.507
0,41,12,19,0
0,150,17691,13827,0
0,0.7407407407407408,0.006280657459222832,0.008035807558480589,0,
111.11111111111111
1_4_5_4_
31 8.507
0,55,17,26,0
0,200,23995,18617,0
0,0.6451612903225806,0.005377464391102985,0.006930883497046577,0,
129.03225806451613
2_1_5_1_
14 8.507
0,13,2,5,0
0,50,4213,3725,0
0,0.7142857142857143,0.008477162524159913,0.009587727708533078,0,
35.714285714285715
2_1_5_2_
18 8.507
0,27,6,10,0
0,100,8829,7360,0
0,0.5555555555555556,0.006292395011389235,0.007548309178743962,0,
55.55555555555556
2_1_5_3_
27 8.507
0,20,6,10,0
0,75,9035,7069,0
0,0.7407407407407408,0.006148927012236365,0.007859040254004182,0,
55.55555555555556
2_1_5_4_
31 8.507
0,27,8,13,0
0,100,12028,9479,0
0,0.6451612903225806,0.005363828486220325,0.00680621679842368,0,
64.51612903225806
2_2_5_1_
19 8.507
0,13,3,6,0
0,50,4702,4324,0
0,1.0526315789473684,0.011193445118538583,0.012171965528993621,0,
52.63157894736842
2_2_5_2_
23 8.507
0,27,7,12,0
0,100,11262,9103,0
0,0.8695652173913043,0.00772123261757507,0.009552512549613363,0,
86.95652173913044
2_2_5_3_
27 8.507
0,41,12,19,0
0,150,17732,13893,0
0,0.7407407407407408,0.006266135298393363,0.007997632700720587,0,
111.11111111111111
2_2_5_4_
31 8.507
0,55,17,26,0
0,200,24004,18683,0
0,0.6451612903225806,0.00537544817799184,0.006906399296928552,0,
129.03225806451613
2_3_5_1_
24 8.507
0,13,3,6,0
0,50,5024,4516,0
0,1.25,0.012440286624203822,0.013839681133746678,0,
62.5
2_3_5_2_
28 8.507
0,27,9,13,0
0,100,12927,9795,0
0,1.0714285714285714,0.008288300235387727,0.010938525486764383,0,
107.14285714285714
2_3_5_3_
32 8.507
0,41,14,21,0
0,150,20677,15205,0
0,0.9375,0.006801034966387774,0.009248602433410063,0,
140.625
2_3_5_4_
36 8.507
0,55,20,29,0
0,200,28452,20555,0
0,0.8333333333333333,0.0058578190168236555,0.008108327252087894,0,
166.66666666666666
2_4_5_1_
30 8.286
0,13,4,6,0
0,50,5657,4605,0
0,1.3333333333333335,0.011784809380708267,0.014477017734346726,0,
66.66666666666667
2_4_5_2_
34 8.286
0,27,9,12,0
0,100,13624,9104,0
0,1.1764705882352942,0.008635280301198577,0.012922567972707535,0,
117.6470588235294
2_4_5_3_
38 8.286
0,41,16,21,0
0,150,22653,15128,0
0,1.0526315789473684,0.006970146860994361,0.010437251245511982,0,
157.89473684210526
2_4_5_4_
42 8.286
0,55,22,29,0
0,200,31740,20864,0
0,0.9523809523809524,0.006001140216641162,0.009129418638621092,0,
190.47619047619048
3_1_5_1_
19 8.507
0,11,2,4,0
0,40,3951,3413,0
0,0.9868421052631579,0.009990808456220277,0.011565685382515768,0,
39.473684210526315
3_1_5_2_
23 8.507
0,20,6,9,0
0,75,8646,6886,0
0,0.8695652173913043,0.007543070935039073,0.009471012388084205,0,
65.21739130434783
3_1_5_3_
28 8.507
0,31,9,15,0
0,115,13831,10632,0
0,0.6987577639751553,0.005809930074263818,0.007558045791680104,0,
80.35714285714286
3_1_5_4_
32 8.507
0,41,13,19,0
0,150,18430,14086,0
0,0.625,0.005086814975583288,0.006655544512281698,0,
93.75
3_2_5_1_
24 8.507
0,13,3,6,0
0,50,5031,4542,0
0,1.25,0.01242297753925661,0.013760457948040511,0,
62.5
3_2_5_2_
28 8.507
0,27,9,13,0
0,100,12934,9821,0
0,1.0714285714285714,0.008283814530915196,0.010909566962922017,0,
107.14285714285714
3_2_5_3_
32 8.507
0,41,14,21,0
0,150,20652,15171,0
0,0.9375,0.006809267867518885,0.009269329642080285,0,
140.625
3_2_5_4_
36 8.507
0,55,20,29,0
0,200,28459,20581,0
0,0.8333333333333333,0.0058563781814774465,0.008098083993327178,0,
166.66666666666666
3_3_5_1_
36 9.513
0,12,4,6,0
0,45,5800,4558,0
0,1.3888888888888888,0.010775862068965518,0.013712154453707767,0,
62.5
3_3_5_2_
41 9.513
0,25,8,12,0
0,90,12484,8948,0
0,1.2195121951219512,0.008791741233657129,0.01226599212795883,0,
109.7560975609756
3_3_5_3_
46 9.513
0,37,15,20,0
0,135,21318,14202,0
0,1.0869565217391304,0.006883344142733024,0.01033228632831873,0,
146.7391304347826
3_3_5_4_
51 9.513
0,50,22,29,0
0,180,31170,20666,0
0,0.9803921568627451,0.00566155239766744,0.008539174887994489,0,
176.47058823529412
3_4_5_1_
40 9.77
0,13,4,6,0
0,50,6304,4932,0
0,1.5,0.01189720812182741,0.015206812652068127,0,
75.0
3_4_5_2_
44 9.77
0,27,10,14,0
0,100,14399,9916,0
0,1.3636363636363638,0.009470354633213166,0.013751879423521216,0,
136.36363636363637
3_4_5_3_
48 9.77
0,41,16,21,0
0,150,23747,14995,0
0,1.25,0.007895734198003958,0.012504168056018674,0,
187.5
3_4_5_4_
52 9.77
0,55,24,30,0
0,200,35234,21614,0
0,1.153846153846154,0.006549617720645705,0.010676840509356472,0,
230.76923076923077
4_1_5_1_
19 8.507
0,13,3,6,0
0,50,4696,4334,0
0,1.0526315789473684,0.011207746794584417,0.012143880698516017,0,
52.63157894736842
4_1_5_2_
23 8.507
0,27,7,12,0
0,100,11256,9113,0
0,0.8695652173913043,0.0077253484132134365,0.009542030257777948,0,
86.95652173913044
4_1_5_3_
27 8.507
0,41,12,19,0
0,150,17694,13903,0
0,0.7407407407407408,0.006279592580033407,0.00799188024966634,0,
111.11111111111111
4_1_5_4_
31 8.507
0,55,17,26,0
0,200,23998,18693,0
0,0.6451612903225806,0.005376792152034175,0.006902704652250368,0,
129.03225806451613
4_2_5_1_
30 8.286
0,13,4,6,0
0,50,5681,4759,0
0,1.3333333333333335,0.011735023176670774,0.014008545212579675,0,
66.66666666666667
4_2_5_2_
34 8.286
0,27,9,13,0
0,100,13648,9258,0
0,1.1764705882352942,0.008620095165850631,0.01270761058798114,0,
117.6470588235294
4_2_5_3_
38 8.286
0,41,16,21,0
0,150,22677,15342,0
0,1.0526315789473684,0.00696277006844403,0.010291665809027848,0,
157.89473684210526
4_2_5_4_
42 8.286
0,55,22,29,0
0,200,31732,21108,0
0,0.9523809523809524,0.006002653172702334,0.009023886226842453,0,
190.47619047619048
4_3_5_1_
40 9.77
0,13,4,7,0
0,50,6326,5111,0
0,1.5,0.011855833069870376,0.014674232048522794,0,
75.0
4_3_5_2_
44 9.77
0,27,10,14,0
0,100,14421,10020,0
0,1.3636363636363638,0.009455907105168599,0.013609145345672292,0,
136.36363636363637
4_3_5_3_
48 9.77
0,41,16,21,0
0,150,23769,15258,0
0,1.25,0.007888426101224283,0.01228863546991742,0,
187.5
4_3_5_4_
52 9.77
0,55,25,30,0
0,200,35384,21674,0
0,1.153846153846154,0.0065218525539574605,0.010647283877882753,0,
230.76923076923077
4_4_5_1_
50 8.286
0,13,3,6,0
0,50,5609,4927,0
0,1.6,0.014262791941522553,0.016237061091942357,0,
80.0
4_4_5_2_
54 8.286
0,27,10,14,0
0,100,14534,10243,0
0,1.4814814814814816,0.01019321233990286,0.014463355281474974,0,
148.14814814814815
4_4_5_3_
58 8.286
0,41,17,22,0
0,150,24331,15557,0
0,1.3793103448275863,0.00850341341186708,0.013299257679767175,0,
206.89655172413794
4_4_5_4_
62 8.286
0,55,24,29,0
0,200,34793,20641,0
0,1.2903225806451613,0.007417138968442855,0.0125025200391954,0,
258.06451612903226
